causa();duracion(carrierDelay/weatherDelay/nasDelay/securityDelay/lateAircraftDelay);idIncidencia();
Retraso NAS;25;21;
Retraso Compagnia;20;22;
Retraso NAS;15;23;
Retraso NAS;21;24;
Retraso NAS;18;25;
Retraso Compagnia;17;26;
Retraso NAS;15;27;
Retraso Compagnia;12;28;
Retraso NAS;4;29;
Retraso Previo;41;30;
Retraso NAS;131;31;
Retraso Meteorologico;85;32;
Retraso NAS;28;33;
Retraso Compagnia;45;34;
Retraso NAS;16;35;
Retraso NAS;15;36;
Retraso NAS;55;37;
Retraso NAS;97;38;
Retraso NAS;75;39;
Retraso Compagnia;15;40;
Retraso Previo;8;41;
Retraso Compagnia;51;42;
Retraso Compagnia;8;43;
Retraso NAS;7;44;
Retraso Compagnia;15;45;
Retraso NAS;18;46;
Retraso NAS;19;47;
Retraso NAS;23;48;
Retraso NAS;20;49;
Retraso NAS;75;50;
Retraso NAS;53;51;
Retraso NAS;1;52;
Retraso Previo;45;53;
Retraso NAS;18;54;
Retraso Meteorologico;13;55;
Retraso NAS;19;56;
Retraso Previo;9;57;
Retraso NAS;19;58;
Retraso Meteorologico;9;59;
Retraso NAS;17;60;
Retraso Previo;58;61;
Retraso Compagnia;12;62;
Retraso Previo;4;63;
Retraso NAS;18;64;
Retraso Compagnia;10;65;
Retraso NAS;4;66;
Retraso Previo;48;67;
Retraso NAS;93;68;
Retraso NAS;20;69;
Retraso NAS;172;70;
Retraso NAS;52;71;
Retraso Meteorologico;2;72;
Retraso Previo;59;73;
Retraso Compagnia;10;74;
Retraso NAS;4;75;
Retraso Previo;45;76;
Retraso Previo;48;77;
Retraso Compagnia;4;78;
Retraso Previo;84;79;
Retraso NAS;40;80;
Retraso Compagnia;147;81;
Retraso Previo;5;82;
Retraso NAS;15;83;
Retraso Compagnia;17;84;
Retraso Compagnia;38;85;
Retraso Previo;6;86;
Retraso Compagnia;50;87;
Retraso Compagnia;25;88;
Retraso Compagnia;42;89;
Retraso NAS;23;90;
Retraso Compagnia;29;91;
Retraso NAS;11;92;
Retraso Compagnia;25;93;
Retraso NAS;22;94;
Retraso NAS;27;95;
Retraso NAS;71;96;
Retraso Meteorologico;24;97;
Retraso NAS;18;98;
Retraso Previo;180;99;
Retraso Compagnia;31;100;
Retraso NAS;23;101;
Retraso Compagnia;41;102;
Retraso NAS;4;103;
Retraso Compagnia;77;104;
Retraso NAS;15;105;
Retraso NAS;25;106;
Retraso NAS;31;107;
Retraso Compagnia;45;108;
Retraso NAS;60;109;
Retraso NAS;38;110;
Retraso Compagnia;90;111;
Retraso NAS;26;112;
Retraso Previo;78;113;
Retraso Compagnia;27;114;
Retraso NAS;25;115;
Retraso NAS;20;116;
Retraso NAS;21;117;
Retraso Compagnia;16;118;
Retraso Compagnia;39;119;
Retraso NAS;6;120;
Retraso NAS;22;122;
Retraso Compagnia;74;124;
Retraso Compagnia;70;125;
Retraso Previo;34;126;
Retraso NAS;22;127;
Retraso NAS;103;128;
Retraso Previo;86;129;
Retraso Meteorologico;7;130;
Retraso Previo;11;131;
Retraso NAS;31;132;
Retraso NAS;30;133;
Retraso Compagnia;19;134;
Retraso NAS;22;135;
Retraso NAS;122;136;
Retraso NAS;65;137;
Retraso Previo;76;138;
Retraso Previo;52;139;
Retraso NAS;47;140;
Retraso NAS;79;141;
Retraso Previo;3;142;
Retraso NAS;26;143;
Retraso Previo;13;144;
Retraso NAS;2;145;
Retraso Previo;39;146;
Retraso NAS;42;147;
Retraso NAS;47;148;
Retraso Compagnia;21;149;
Retraso NAS;23;150;
Retraso NAS;22;151;
Retraso NAS;128;152;
Retraso NAS;83;153;
Retraso NAS;87;154;
Retraso Meteorologico;11;155;
Retraso Previo;9;156;
Retraso Compagnia;18;157;
Retraso Previo;30;158;
Retraso NAS;10;159;
Retraso Previo;13;160;
Retraso NAS;30;161;
Retraso Previo;16;162;
Retraso NAS;116;163;
Retraso NAS;65;164;
Retraso Meteorologico;4;165;
Retraso Previo;93;166;
Retraso Compagnia;18;167;
Retraso Previo;41;168;
Retraso Compagnia;37;169;
Retraso NAS;16;170;
Retraso Compagnia;10;171;
Retraso Previo;44;172;
Retraso NAS;36;173;
Retraso Previo;5;174;
Retraso NAS;80;175;
Retraso NAS;50;176;
Retraso Previo;1;177;
Retraso Meteorologico;2;178;
Retraso Previo;19;179;
Retraso NAS;8;180;
Retraso Previo;69;181;
Retraso NAS;78;183;
Retraso Previo;13;184;
Retraso NAS;29;185;
Retraso Meteorologico;5;186;
Retraso NAS;5;187;
Retraso Previo;76;188;
Retraso NAS;113;189;
Retraso NAS;3;190;
Retraso Previo;39;191;
Retraso NAS;108;192;
Retraso Meteorologico;6;193;
Retraso NAS;21;194;
Retraso Previo;47;195;
Retraso NAS;23;196;
Retraso NAS;80;197;
Retraso NAS;57;198;
Retraso NAS;18;199;
Retraso Previo;24;200;
Retraso NAS;25;201;
Retraso NAS;100;202;
Retraso NAS;51;203;
Retraso Meteorologico;12;204;
Retraso Previo;63;205;
Retraso Compagnia;20;206;
Retraso NAS;50;207;
Retraso NAS;19;208;
Retraso NAS;70;209;
Retraso NAS;28;210;
Retraso Previo;6;211;
Retraso Previo;18;212;
Retraso Meteorologico;4;213;
Retraso Previo;42;214;
Retraso NAS;28;215;
Retraso NAS;15;216;
Retraso Compagnia;17;217;
Retraso NAS;14;218;
Retraso Previo;98;219;
Retraso Compagnia;94;220;
Retraso NAS;29;221;
Retraso Compagnia;20;222;
Retraso NAS;6;223;
Retraso Compagnia;34;224;
Retraso NAS;6;225;
Retraso Compagnia;8;226;
Retraso NAS;4;227;
Retraso Previo;36;228;
Retraso Compagnia;61;229;
Retraso Compagnia;136;230;
Retraso NAS;45;231;
Retraso NAS;25;232;
Retraso NAS;15;233;
Retraso Meteorologico;14;234;
Retraso Previo;46;235;
Retraso NAS;7;236;
Retraso Previo;88;237;
Retraso Compagnia;52;238;
Retraso Compagnia;4;239;
Retraso NAS;1;240;
Retraso Previo;19;241;
Retraso Compagnia;40;242;
Retraso Compagnia;31;243;
Retraso NAS;4;244;
Retraso NAS;26;245;
Retraso Compagnia;78;246;
Retraso Previo;9;247;
Retraso NAS;19;248;
Retraso Compagnia;39;249;
Retraso Compagnia;12;250;
Retraso NAS;15;251;
Retraso Previo;32;252;
Retraso Compagnia;6;253;
Retraso NAS;10;254;
Retraso Compagnia;37;255;
Retraso Compagnia;19;256;
Retraso NAS;3;258;
Retraso Previo;15;259;
Retraso Compagnia;6;260;
Retraso NAS;9;261;
Retraso Compagnia;238;262;
Retraso NAS;5;263;
Retraso Meteorologico;12;264;
Retraso NAS;5;265;
Retraso NAS;23;266;
Retraso NAS;78;267;
Retraso Compagnia;39;268;
Retraso Previo;5;269;
Retraso Compagnia;18;270;
Retraso NAS;24;271;
Retraso Previo;12;272;
Retraso Compagnia;25;274;
Retraso NAS;1;275;
Retraso Compagnia;9;276;
Retraso NAS;14;277;
Retraso Compagnia;31;278;
Retraso Meteorologico;7;279;
Retraso NAS;2;280;
Retraso Previo;35;281;
Retraso Compagnia;54;282;
Retraso NAS;2;283;
Retraso Previo;24;284;
Retraso Compagnia;17;285;
Retraso NAS;10;286;
Retraso Previo;3;287;
Retraso Compagnia;12;288;
Retraso NAS;10;289;
Retraso Previo;41;290;
Retraso Compagnia;12;291;
Retraso NAS;6;292;
Retraso Compagnia;46;293;
Retraso NAS;10;294;
Retraso NAS;26;295;
Retraso NAS;15;296;
Retraso NAS;22;297;
Retraso Previo;12;298;
Retraso Compagnia;11;299;
Retraso NAS;24;300;
Retraso Compagnia;25;302;
Retraso NAS;2;303;
Retraso Previo;37;304;
Retraso Compagnia;20;305;
Retraso Compagnia;73;306;
Retraso NAS;5;307;
Retraso NAS;59;308;
Retraso Compagnia;8;309;
Retraso NAS;10;310;
Retraso Meteorologico;1;311;
Retraso NAS;14;312;
Retraso Previo;93;313;
Retraso Previo;62;314;
Retraso NAS;28;315;
Retraso Previo;6;316;
Retraso NAS;3;317;
Retraso Previo;52;318;
Retraso Compagnia;44;319;
Retraso NAS;10;320;
Retraso Compagnia;8;321;
Retraso NAS;7;322;
Retraso Meteorologico;9;323;
Retraso Previo;90;324;
Retraso Meteorologico;23;325;
Retraso NAS;99;326;
Retraso NAS;56;327;
Retraso Compagnia;30;328;
Retraso NAS;214;329;
Retraso NAS;2;330;
Retraso Previo;41;331;
Retraso NAS;35;332;
Retraso Previo;41;333;
Retraso Compagnia;57;334;
Retraso Compagnia;105;335;
Retraso NAS;11;336;
Retraso Previo;28;337;
Retraso Compagnia;25;338;
Retraso NAS;24;339;
Retraso NAS;42;340;
Retraso Previo;20;341;
Retraso Compagnia;11;342;
Retraso NAS;11;343;
Retraso Previo;5;344;
Retraso Compagnia;8;345;
Retraso NAS;10;346;
Retraso Previo;15;347;
Retraso Compagnia;36;348;
Retraso NAS;2;349;
Retraso Compagnia;9;350;
Retraso Previo;59;351;
Retraso Compagnia;203;352;
Retraso Compagnia;44;353;
Retraso Previo;65;354;
Retraso NAS;7;355;
Retraso Previo;14;356;
Retraso NAS;11;357;
Retraso Previo;30;358;
Retraso Compagnia;57;359;
Retraso NAS;15;360;
Retraso NAS;27;361;
Retraso NAS;60;362;
Retraso NAS;7;363;
Retraso Previo;51;364;
Retraso NAS;35;365;
Retraso NAS;22;366;
Retraso NAS;83;367;
Retraso NAS;94;368;
Retraso NAS;21;369;
Retraso NAS;18;370;
Retraso Compagnia;8;371;
Retraso Previo;45;372;
Retraso NAS;37;373;
Retraso Compagnia;20;374;
Retraso NAS;1;375;
Retraso Compagnia;61;376;
Retraso NAS;4;377;
Retraso Meteorologico;4;378;
Retraso Previo;94;379;
Retraso Previo;79;380;
Retraso NAS;115;381;
Retraso NAS;92;382;
Retraso Compagnia;11;383;
Retraso NAS;3;384;
Retraso Previo;45;385;
Retraso Compagnia;4;386;
Retraso Previo;15;387;
Retraso Compagnia;4;388;
Retraso Previo;12;389;
Retraso NAS;28;390;
Retraso NAS;52;391;
Retraso NAS;15;392;
Retraso Meteorologico;6;393;
Retraso NAS;9;394;
Retraso Previo;27;395;
Retraso NAS;70;396;
Retraso Compagnia;23;397;
Retraso Compagnia;14;398;
Retraso Previo;4;399;
Retraso NAS;125;400;
Retraso NAS;83;401;
Retraso Meteorologico;6;402;
Retraso NAS;2;403;
Retraso Previo;110;404;
Retraso Previo;61;405;
Retraso NAS;37;407;
Retraso Compagnia;6;408;
Retraso NAS;24;409;
Retraso NAS;85;410;
Retraso NAS;79;411;
Retraso Meteorologico;30;412;
Retraso Previo;33;413;
Retraso Compagnia;9;414;
Retraso NAS;20;415;
Retraso NAS;48;416;
Retraso NAS;16;417;
Retraso Compagnia;10;418;
Retraso NAS;5;419;
Retraso Compagnia;45;420;
Retraso NAS;24;421;
Retraso Meteorologico;5;422;
Retraso Previo;12;423;
Retraso NAS;2;424;
Retraso Previo;14;425;
Retraso NAS;48;426;
Retraso NAS;65;427;
Retraso Compagnia;13;428;
Retraso NAS;2;429;
Retraso Previo;26;430;
Retraso Compagnia;6;431;
Retraso NAS;7;432;
Retraso Previo;3;433;
Retraso NAS;17;434;
Retraso Compagnia;33;435;
Retraso NAS;1;436;
Retraso Previo;15;437;
Retraso NAS;17;438;
Retraso NAS;29;439;
Retraso NAS;17;440;
Retraso Compagnia;37;441;
Retraso Compagnia;8;442;
Retraso NAS;19;443;
Retraso NAS;1;444;
Retraso Previo;33;445;
Retraso Compagnia;15;446;
Retraso Previo;25;447;
Retraso Compagnia;21;448;
Retraso NAS;6;449;
Retraso Previo;24;450;
Retraso Compagnia;30;451;
Retraso NAS;17;452;
Retraso NAS;93;453;
Retraso NAS;55;454;
Retraso Compagnia;61;455;
Retraso Previo;4;456;
Retraso NAS;58;457;
Retraso Compagnia;104;458;
Retraso Compagnia;15;459;
Retraso Previo;32;460;
Retraso Compagnia;12;461;
Retraso Previo;6;462;
Retraso NAS;15;463;
Retraso NAS;37;464;
Retraso NAS;26;465;
Retraso NAS;121;466;
Retraso NAS;47;467;
Retraso Compagnia;7;468;
Retraso Previo;31;469;
Retraso NAS;21;470;
Retraso Previo;48;471;
Retraso NAS;15;472;
Retraso NAS;28;473;
Retraso Compagnia;48;474;
Retraso NAS;31;475;
Retraso Compagnia;20;476;
Retraso NAS;10;477;
Retraso Previo;8;478;
Retraso Compagnia;33;479;
Retraso Compagnia;20;480;
Retraso NAS;13;481;
Retraso Previo;55;482;
Retraso Previo;22;483;
Retraso NAS;33;484;
Retraso Compagnia;2;485;
Retraso NAS;14;486;
Retraso Previo;17;487;
Retraso NAS;19;488;
Retraso NAS;22;489;
Retraso Compagnia;425;490;
Retraso NAS;34;491;
Retraso NAS;17;492;
Retraso Previo;35;493;
Retraso NAS;25;494;
Retraso Previo;25;495;
Retraso NAS;7;496;
Retraso Previo;29;497;
Retraso NAS;30;498;
Retraso NAS;65;499;
Retraso NAS;82;500;
Retraso Previo;15;501;
Retraso Compagnia;57;502;
Retraso NAS;3;503;
Retraso Compagnia;28;504;
Retraso NAS;12;505;
Retraso Previo;1;506;
Retraso NAS;16;507;
Retraso NAS;19;508;
Retraso Previo;3;509;
Retraso Compagnia;15;510;
Retraso NAS;8;511;
Retraso Meteorologico;8;512;
Retraso Previo;18;513;
Retraso NAS;13;514;
Retraso Previo;19;515;
Retraso Compagnia;19;516;
Retraso Previo;9;517;
Retraso Previo;17;518;
Retraso Compagnia;121;519;
Retraso NAS;26;520;
Retraso Compagnia;67;521;
Retraso NAS;2;522;
Retraso Previo;1;523;
Retraso NAS;66;524;
Retraso NAS;94;525;
Retraso Meteorologico;8;526;
Retraso NAS;5;527;
Retraso Previo;61;528;
Retraso Previo;50;529;
Retraso NAS;61;530;
Retraso NAS;50;531;
Retraso NAS;17;532;
Retraso Compagnia;131;533;
Retraso Compagnia;22;534;
Retraso Meteorologico;7;535;
Retraso Compagnia;58;536;
Retraso NAS;114;537;
Retraso NAS;89;538;
Retraso Meteorologico;5;539;
Retraso Previo;76;540;
Retraso NAS;14;541;
Retraso Previo;74;542;
Retraso NAS;9;543;
Retraso Previo;21;544;
Retraso Compagnia;16;545;
Retraso NAS;3;546;
Retraso Compagnia;20;547;
Retraso NAS;18;548;
Retraso Previo;8;549;
Retraso NAS;33;550;
Retraso Compagnia;34;551;
Retraso Previo;13;552;
Retraso NAS;16;553;
Retraso NAS;44;554;
Retraso Compagnia;14;555;
Retraso NAS;22;556;
Retraso Previo;4;557;
Retraso Compagnia;8;558;
Retraso NAS;7;559;
Retraso NAS;30;560;
Retraso NAS;16;561;
Retraso NAS;26;562;
Retraso NAS;19;563;
Retraso Compagnia;10;564;
Retraso NAS;2;565;
Retraso Previo;4;566;
Retraso NAS;20;567;
Retraso NAS;49;569;
Retraso Compagnia;28;570;
Retraso NAS;5;571;
Retraso NAS;49;572;
Retraso NAS;91;573;
Retraso Previo;13;574;
Retraso Compagnia;15;575;
Retraso NAS;2;576;
Retraso Previo;12;577;
Retraso Compagnia;40;578;
Retraso Compagnia;15;579;
Retraso Compagnia;14;580;
Retraso NAS;16;581;
Retraso Compagnia;5;582;
Retraso NAS;6;583;
Retraso Previo;9;584;
Retraso NAS;63;585;
Retraso Previo;2;586;
Retraso NAS;61;587;
Retraso Previo;20;588;
Retraso NAS;90;589;
Retraso Compagnia;7;590;
Retraso NAS;12;591;
Retraso Compagnia;16;592;
Retraso Compagnia;13;593;
Retraso Previo;23;594;
Retraso NAS;20;595;
Retraso Compagnia;163;596;
Retraso NAS;14;597;
Retraso Meteorologico;31;598;
Retraso NAS;3;599;
Retraso Compagnia;3;600;
Retraso NAS;5;601;
Retraso Previo;14;602;
Retraso NAS;66;603;
Retraso Previo;1;604;
Retraso NAS;67;605;
Retraso Previo;29;606;
Retraso Meteorologico;4;607;
Retraso Previo;44;608;
Retraso NAS;15;609;
Retraso Previo;80;610;
Retraso NAS;18;611;
Retraso Compagnia;15;612;
Retraso NAS;3;613;
Retraso NAS;8;614;
Retraso Previo;32;615;
Retraso NAS;16;616;
Retraso Compagnia;28;617;
Retraso NAS;15;618;
Retraso Previo;10;619;
Retraso Compagnia;128;620;
Retraso NAS;8;621;
Retraso NAS;23;622;
Retraso Compagnia;84;623;
Retraso Previo;1;624;
Retraso Compagnia;10;625;
Retraso NAS;5;626;
Retraso Previo;7;627;
Retraso NAS;32;628;
Retraso NAS;18;629;
Retraso NAS;17;630;
Retraso Compagnia;187;631;
Retraso Previo;59;632;
Retraso Compagnia;18;633;
Retraso Compagnia;95;634;
Retraso Previo;14;635;
Retraso Compagnia;334;636;
Retraso NAS;6;637;
Retraso Previo;25;638;
Retraso NAS;18;639;
Retraso Compagnia;43;641;
Retraso NAS;2;642;
Retraso Previo;8;643;
Retraso Compagnia;8;644;
Retraso Previo;11;645;
Retraso Previo;27;646;
Retraso Previo;139;647;
Retraso Compagnia;14;648;
Retraso Previo;118;649;
Retraso Compagnia;3;650;
Retraso Previo;52;651;
Retraso Compagnia;126;652;
Retraso Previo;16;653;
Retraso Compagnia;14;654;
Retraso NAS;1;655;
Retraso Compagnia;2;656;
Retraso Previo;60;657;
Retraso Compagnia;88;658;
Retraso NAS;77;659;
Retraso NAS;31;660;
Retraso NAS;24;661;
Retraso NAS;20;662;
Retraso Previo;134;663;
Retraso NAS;17;664;
Retraso Compagnia;39;665;
Retraso NAS;23;666;
Retraso Compagnia;16;667;
Retraso NAS;8;668;
Retraso NAS;101;669;
Retraso NAS;75;670;
Retraso Previo;25;671;
Retraso Compagnia;70;672;
Retraso Compagnia;12;673;
Retraso NAS;5;674;
Retraso Previo;10;675;
Retraso Compagnia;7;676;
Retraso Previo;18;677;
Retraso NAS;79;678;
Retraso NAS;85;679;
Retraso Meteorologico;9;680;
Retraso Previo;59;681;
Retraso NAS;4;682;
Retraso Previo;53;683;
Retraso NAS;26;684;
Retraso NAS;34;685;
Retraso NAS;23;686;
Retraso Compagnia;7;687;
Retraso Previo;10;688;
Retraso Compagnia;18;689;
Retraso Compagnia;2;690;
Retraso NAS;12;691;
Retraso Previo;18;692;
Retraso Compagnia;28;693;
Retraso NAS;1;694;
Retraso NAS;7;695;
Retraso Previo;25;696;
Retraso Compagnia;2;697;
Retraso NAS;5;698;
Retraso Previo;19;699;
Retraso Compagnia;14;700;
Retraso NAS;3;701;
Retraso Compagnia;6;702;
Retraso Previo;16;703;
Retraso Compagnia;2;704;
Retraso NAS;5;705;
Retraso Previo;30;706;
Retraso NAS;68;707;
Retraso Previo;7;708;
Retraso NAS;90;709;
Retraso NAS;16;710;
Retraso Meteorologico;27;711;
Retraso Compagnia;28;712;
Retraso NAS;4;713;
Retraso Previo;23;714;
Retraso Compagnia;35;715;
Retraso NAS;6;716;
Retraso Compagnia;67;717;
Retraso NAS;5;718;
Retraso NAS;27;719;
Retraso Compagnia;8;720;
Retraso NAS;3;721;
Retraso Previo;12;722;
Retraso NAS;37;723;
Retraso NAS;15;724;
Retraso Compagnia;12;725;
Retraso NAS;11;726;
Retraso NAS;26;727;
Retraso Previo;3;728;
Retraso NAS;29;729;
Retraso Compagnia;76;730;
Retraso Previo;20;731;
Retraso NAS;2;732;
Retraso Previo;18;733;
Retraso Compagnia;8;734;
Retraso Previo;70;735;
Retraso NAS;29;736;
Retraso NAS;119;737;
Retraso Previo;2;738;
Retraso NAS;116;739;
Retraso Compagnia;224;740;
Retraso NAS;2;741;
Retraso Previo;73;742;
Retraso NAS;18;743;
Retraso NAS;1;744;
Retraso Previo;50;745;
Retraso NAS;16;746;
Retraso Compagnia;12;747;
Retraso NAS;5;748;
Retraso Compagnia;18;749;
Retraso NAS;2;750;
Retraso Compagnia;32;751;
Retraso Previo;30;752;
Retraso Compagnia;26;753;
Retraso Compagnia;46;754;
Retraso NAS;4;755;
Retraso NAS;17;756;
Retraso NAS;17;757;
Retraso NAS;15;758;
Retraso NAS;22;759;
Retraso Compagnia;21;760;
Retraso Compagnia;10;761;
Retraso NAS;30;762;
Retraso Previo;12;763;
Retraso Compagnia;5;764;
Retraso NAS;7;765;
Retraso Previo;11;766;
Retraso Compagnia;49;767;
Retraso NAS;9;768;
Retraso Compagnia;67;769;
Retraso NAS;1;770;
Retraso Compagnia;133;771;
Retraso NAS;9;772;
Retraso Previo;2;773;
Retraso NAS;5;774;
Retraso Previo;70;775;
Retraso Compagnia;6;777;
Retraso Previo;31;778;
Retraso Compagnia;12;779;
Retraso NAS;7;780;
Retraso Compagnia;15;781;
Retraso Compagnia;21;782;
Retraso NAS;7;783;
Retraso NAS;24;784;
Retraso Compagnia;7;785;
Retraso Previo;20;786;
Retraso NAS;114;787;
Retraso NAS;67;788;
Retraso Compagnia;3;789;
Retraso Previo;14;790;
Retraso NAS;53;791;
Retraso NAS;67;792;
Retraso Compagnia;27;793;
Retraso NAS;16;794;
Retraso NAS;1;795;
Retraso Previo;22;796;
Retraso Previo;26;797;
Retraso NAS;29;798;
Retraso Compagnia;1;799;
Retraso Previo;18;800;
Retraso Compagnia;20;801;
Retraso Compagnia;25;802;
Retraso Compagnia;10;804;
Retraso NAS;16;805;
Retraso Compagnia;19;806;
Retraso NAS;120;807;
Retraso NAS;80;808;
Retraso Previo;86;809;
Retraso Previo;51;810;
Retraso Compagnia;12;811;
Retraso NAS;31;812;
Retraso NAS;16;813;
Retraso Compagnia;46;814;
Retraso NAS;101;815;
Retraso NAS;26;816;
Retraso Compagnia;98;817;
Retraso Compagnia;37;818;
Retraso NAS;20;819;
Retraso NAS;66;821;
Retraso NAS;101;822;
Retraso Compagnia;96;823;
Retraso NAS;7;824;
Retraso Previo;17;825;
Retraso Compagnia;4;826;
Retraso Previo;11;827;
Retraso Compagnia;2;828;
Retraso NAS;17;829;
Retraso Previo;12;830;
Retraso Compagnia;13;831;
Retraso Previo;21;832;
Retraso Compagnia;19;833;
Retraso Compagnia;46;834;
Retraso NAS;8;835;
Retraso Meteorologico;18;836;
Retraso Previo;9;837;
Retraso NAS;84;838;
Retraso NAS;54;839;
Retraso NAS;33;840;
Retraso Compagnia;38;841;
Retraso NAS;53;842;
Retraso NAS;22;843;
Retraso Compagnia;18;844;
Retraso Compagnia;21;845;
Retraso Compagnia;892;846;
Retraso NAS;37;847;
Retraso Previo;5;848;
Retraso Compagnia;21;849;
Retraso Previo;64;850;
Retraso Compagnia;82;851;
Retraso Compagnia;41;852;
Retraso Compagnia;95;853;
Retraso NAS;22;854;
Retraso NAS;27;855;
Retraso Compagnia;19;856;
Retraso NAS;17;858;
Retraso NAS;21;859;
Retraso Compagnia;9;860;
Retraso Previo;118;861;
Retraso Meteorologico;8;862;
Retraso Previo;121;863;
Retraso NAS;23;864;
Retraso Meteorologico;22;865;
Retraso Previo;57;866;
Retraso NAS;11;867;
Retraso Previo;58;868;
Retraso Compagnia;21;869;
Retraso Previo;23;870;
Retraso Compagnia;62;871;
Retraso NAS;23;872;
Retraso Compagnia;18;873;
Retraso NAS;2;874;
Retraso NAS;37;876;
Retraso Previo;110;877;
Retraso NAS;16;878;
Retraso NAS;19;879;
Retraso Compagnia;4;880;
Retraso NAS;9;881;
Retraso Previo;4;882;
Retraso NAS;18;883;
Retraso Compagnia;10;884;
Retraso Previo;45;885;
Retraso NAS;40;886;
Retraso NAS;78;887;
Retraso Compagnia;30;888;
Retraso NAS;21;889;
Retraso Compagnia;11;890;
Retraso NAS;8;891;
Retraso Compagnia;24;892;
Retraso NAS;9;893;
Retraso Compagnia;15;894;
Retraso NAS;9;895;
Retraso Compagnia;61;896;
Retraso NAS;9;897;
Retraso Previo;7;898;
Retraso NAS;40;899;
Retraso Previo;63;900;
Retraso NAS;74;901;
Retraso Previo;19;902;
Retraso NAS;74;903;
Retraso Previo;14;904;
Retraso Previo;56;905;
Retraso NAS;2;906;
Retraso Previo;73;907;
Retraso NAS;47;910;
Retraso NAS;24;911;
Retraso Compagnia;6;912;
Retraso Previo;25;913;
Retraso Compagnia;21;914;
Retraso Compagnia;21;915;
Retraso NAS;30;916;
Retraso NAS;112;917;
Retraso Previo;12;918;
Retraso NAS;102;919;
Retraso Previo;5;920;
Retraso Meteorologico;4;921;
Retraso NAS;12;922;
Retraso Previo;114;923;
Retraso NAS;5;924;
Retraso Previo;88;925;
Retraso Compagnia;6;926;
Retraso NAS;9;927;
Retraso NAS;25;928;
Retraso NAS;27;929;
Retraso Previo;23;930;
Retraso Compagnia;17;931;
Retraso NAS;5;932;
Retraso NAS;98;933;
Retraso NAS;34;934;
Retraso Previo;12;935;
Retraso Compagnia;51;936;
Retraso NAS;38;937;
Retraso NAS;38;938;
Retraso NAS;15;939;
Retraso Compagnia;48;940;
Retraso Previo;9;941;
Retraso Compagnia;33;942;
Retraso Meteorologico;10;943;
Retraso Previo;36;944;
Retraso NAS;5;945;
Retraso Previo;41;946;
Retraso Compagnia;3;947;
Retraso Previo;20;948;
Retraso NAS;244;949;
Retraso NAS;118;950;
Retraso NAS;56;951;
Retraso NAS;15;952;
Retraso NAS;31;953;
Retraso NAS;37;954;
Retraso Previo;18;955;
Retraso NAS;4;956;
Retraso Previo;68;957;
Retraso NAS;31;958;
Retraso Previo;6;959;
Retraso NAS;93;960;
Retraso Compagnia;30;961;
Retraso NAS;16;962;
Retraso NAS;18;963;
Retraso NAS;39;964;
Retraso Compagnia;10;965;
Retraso NAS;2;966;
Retraso Previo;24;967;
Retraso Compagnia;13;968;
Retraso NAS;13;969;
Retraso NAS;20;970;
Retraso Compagnia;1;971;
Retraso NAS;5;972;
Retraso Previo;11;973;
Retraso Compagnia;106;974;
Retraso NAS;1;975;
Retraso Compagnia;20;976;
Retraso Previo;20;977;
Retraso NAS;20;978;
Retraso NAS;15;979;
Retraso Previo;22;980;
Retraso Compagnia;16;981;
Retraso Compagnia;74;982;
Retraso NAS;23;984;
Retraso Compagnia;17;985;
Retraso NAS;1;986;
Retraso Previo;29;987;
Retraso Compagnia;4;988;
Retraso Previo;43;989;
Retraso Compagnia;6;990;
Retraso NAS;2;991;
Retraso Previo;14;992;
Retraso Compagnia;6;993;
Retraso NAS;9;994;
Retraso Previo;49;995;
Retraso NAS;66;996;
Retraso Previo;24;997;
Retraso NAS;50;998;
Retraso NAS;40;999;
Retraso NAS;53;1000;
Retraso NAS;47;1001;
Retraso Previo;29;1002;
Retraso Compagnia;19;1003;
Retraso Meteorologico;3;1004;
Retraso Previo;17;1005;
Retraso Previo;21;1006;
Retraso NAS;58;1007;
Retraso NAS;24;1008;
Retraso Previo;19;1009;
Retraso Compagnia;15;1010;
Retraso Compagnia;54;1011;
Retraso NAS;19;1012;
Retraso Compagnia;160;1013;
Retraso Previo;11;1014;
Retraso NAS;17;1015;
Retraso NAS;38;1016;
Retraso NAS;20;1017;
Retraso Compagnia;85;1018;
Retraso Compagnia;111;1019;
Retraso Previo;3;1020;
Retraso Compagnia;10;1021;
Retraso NAS;6;1022;
Retraso Previo;5;1023;
Retraso Compagnia;25;1024;
Retraso Compagnia;39;1025;
Retraso Compagnia;50;1026;
Retraso NAS;7;1027;
Retraso Compagnia;4;1028;
Retraso Previo;29;1029;
Retraso Compagnia;8;1030;
Retraso NAS;15;1031;
Retraso NAS;19;1032;
Retraso Compagnia;25;1033;
Retraso Meteorologico;25;1034;
Retraso Previo;18;1035;
Retraso NAS;21;1036;
Retraso NAS;16;1037;
Retraso Compagnia;22;1038;
Retraso NAS;28;1039;
Retraso NAS;16;1041;
Retraso Compagnia;4;1042;
Retraso Previo;35;1043;
Retraso NAS;6;1044;
Retraso Previo;51;1045;
Retraso NAS;19;1046;
Retraso Previo;15;1047;
Retraso Compagnia;116;1048;
Retraso NAS;6;1049;
Retraso Previo;26;1050;
Retraso NAS;13;1051;
Retraso Previo;10;1052;
Retraso NAS;20;1053;
Retraso Compagnia;4;1054;
Retraso Previo;21;1055;
Retraso Compagnia;41;1056;
Retraso NAS;11;1057;
Retraso Previo;107;1058;
Retraso Compagnia;37;1059;
Retraso Compagnia;17;1060;
Retraso NAS;21;1061;
Retraso NAS;24;1062;
Retraso NAS;15;1063;
Retraso NAS;86;1064;
Retraso NAS;63;1065;
Retraso NAS;25;1066;
Retraso Compagnia;83;1067;
Retraso Compagnia;20;1068;
Retraso NAS;8;1069;
Retraso NAS;68;1070;
Retraso Compagnia;46;1071;
Retraso Previo;4;1072;
Retraso Compagnia;70;1073;
Retraso Compagnia;1;1074;
Retraso NAS;3;1075;
Retraso Previo;64;1076;
Retraso Compagnia;5;1077;
Retraso Previo;19;1078;
Retraso NAS;22;1079;
Retraso Previo;32;1080;
Retraso NAS;52;1081;
Retraso Previo;9;1082;
Retraso NAS;24;1083;
Retraso Previo;27;1084;
Retraso NAS;52;1085;
Retraso NAS;66;1086;
Retraso Compagnia;13;1087;
Retraso NAS;12;1088;
Retraso Previo;33;1089;
Retraso Previo;26;1090;
Retraso Compagnia;35;1091;
Retraso Meteorologico;6;1092;
Retraso Previo;72;1093;
Retraso Compagnia;14;1094;
Retraso NAS;15;1095;
Retraso NAS;46;1096;
Retraso NAS;18;1097;
Retraso NAS;28;1098;
Retraso Compagnia;75;1099;
Retraso Previo;24;1100;
Retraso Compagnia;26;1101;
Retraso NAS;59;1102;
Retraso Previo;35;1103;
Retraso NAS;61;1104;
Retraso Compagnia;54;1105;
Retraso Compagnia;6;1106;
Retraso NAS;9;1107;
Retraso Previo;6;1108;
Retraso Compagnia;1;1109;
Retraso NAS;8;1110;
Retraso Previo;9;1111;
Retraso NAS;21;1112;
Retraso NAS;24;1113;
Retraso NAS;69;1114;
Retraso NAS;32;1115;
Retraso NAS;24;1116;
Retraso Previo;2;1117;
Retraso NAS;7;1118;
Retraso Previo;17;1119;
Retraso NAS;13;1120;
Retraso Previo;29;1121;
Retraso Previo;18;1122;
Retraso Meteorologico;4;1123;
Retraso NAS;18;1124;
Retraso Previo;19;1125;
Retraso Compagnia;8;1126;
Retraso NAS;30;1127;
Retraso Previo;7;1128;
Retraso Compagnia;8;1129;
Retraso NAS;14;1130;
Retraso NAS;6;1131;
Retraso Previo;9;1132;
Retraso Compagnia;41;1133;
Retraso NAS;12;1134;
Retraso Compagnia;58;1135;
Retraso NAS;20;1136;
Retraso NAS;34;1137;
Retraso Meteorologico;8;1138;
Retraso Previo;83;1139;
Retraso NAS;3;1140;
Retraso Previo;87;1141;
Retraso NAS;15;1142;
Retraso NAS;65;1143;
Retraso NAS;38;1144;
Retraso NAS;35;1145;
Retraso Compagnia;11;1146;
Retraso Previo;41;1147;
Retraso NAS;93;1148;
Retraso NAS;81;1149;
Retraso Compagnia;12;1150;
Retraso Previo;22;1151;
Retraso Compagnia;2;1152;
Retraso Previo;17;1153;
Retraso Compagnia;35;1154;
Retraso NAS;1;1155;
Retraso Compagnia;102;1156;
Retraso Previo;12;1157;
Retraso NAS;46;1158;
Retraso Previo;22;1159;
Retraso NAS;31;1160;
Retraso Previo;30;1161;
Retraso NAS;115;1162;
Retraso Previo;7;1163;
Retraso NAS;77;1164;
Retraso Compagnia;29;1165;
Retraso Compagnia;22;1166;
Retraso Previo;92;1167;
Retraso Compagnia;2;1168;
Retraso NAS;14;1169;
Retraso Previo;35;1170;
Retraso NAS;21;1171;
Retraso Compagnia;12;1172;
Retraso Previo;79;1173;
Retraso NAS;68;1174;
Retraso Previo;28;1175;
Retraso NAS;75;1176;
Retraso NAS;6;1177;
Retraso Previo;213;1178;
Retraso NAS;26;1179;
Retraso NAS;27;1180;
Retraso Compagnia;42;1181;
Retraso Compagnia;64;1182;
Retraso NAS;16;1183;
Retraso Compagnia;89;1184;
Retraso Previo;2;1185;
Retraso Compagnia;9;1186;
Retraso NAS;11;1187;
Retraso Previo;13;1188;
Retraso NAS;29;1189;
Retraso Compagnia;7;1190;
Retraso Previo;11;1191;
Retraso Compagnia;27;1192;
Retraso NAS;13;1193;
Retraso NAS;16;1194;
Retraso Compagnia;5;1195;
Retraso Previo;42;1196;
Retraso Compagnia;8;1197;
Retraso NAS;18;1198;
Retraso Previo;16;1199;
Retraso Compagnia;19;1200;
Retraso NAS;34;1201;
Retraso Compagnia;39;1202;
Retraso Meteorologico;7;1203;
Retraso Previo;64;1204;
Retraso Compagnia;82;1205;
Retraso Previo;62;1206;
Retraso Compagnia;59;1207;
Retraso NAS;1;1208;
Retraso Previo;42;1209;
Retraso NAS;60;1210;
Retraso Compagnia;11;1211;
Retraso NAS;4;1212;
Retraso Compagnia;20;1213;
Retraso NAS;3;1214;
Retraso NAS;24;1215;
Retraso NAS;23;1216;
Retraso Meteorologico;4;1217;
Retraso NAS;23;1218;
Retraso Previo;5;1219;
Retraso Meteorologico;9;1220;
Retraso Previo;9;1221;
Retraso NAS;67;1222;
Retraso NAS;60;1223;
Retraso Previo;29;1224;
Retraso NAS;60;1225;
Retraso Previo;75;1226;
Retraso NAS;21;1227;
Retraso Compagnia;32;1228;
Retraso Compagnia;6;1229;
Retraso NAS;9;1230;
Retraso Compagnia;22;1231;
Retraso Previo;26;1232;
Retraso NAS;21;1233;
Retraso NAS;18;1234;
Retraso NAS;10;1235;
Retraso Previo;6;1236;
Retraso NAS;133;1237;
Retraso NAS;81;1238;
Retraso Meteorologico;6;1239;
Retraso NAS;2;1240;
Retraso Previo;118;1241;
Retraso Previo;56;1242;
Retraso Compagnia;37;1243;
Retraso NAS;22;1244;
Retraso Previo;3;1245;
Retraso NAS;20;1246;
Retraso NAS;78;1247;
Retraso NAS;29;1248;
Retraso Compagnia;126;1249;
Retraso Previo;14;1250;
Retraso Compagnia;41;1251;
Retraso Compagnia;56;1252;
Retraso Compagnia;101;1253;
Retraso NAS;6;1254;
Retraso Compagnia;9;1255;
Retraso Previo;34;1256;
Retraso NAS;20;1257;
Retraso NAS;28;1258;
Retraso NAS;18;1259;
Retraso NAS;33;1260;
Retraso NAS;5;1261;
Retraso Previo;58;1262;
Retraso NAS;19;1263;
Retraso Meteorologico;37;1264;
Retraso Previo;55;1265;
Retraso Previo;44;1266;
Retraso NAS;16;1267;
Retraso Previo;88;1268;
Retraso NAS;81;1269;
Retraso NAS;3;1270;
Retraso Previo;35;1271;
Retraso Compagnia;64;1272;
Retraso NAS;5;1273;
Retraso Meteorologico;4;1274;
Retraso Previo;54;1275;
Retraso Compagnia;24;1276;
Retraso NAS;4;1277;
Retraso Previo;12;1278;
Retraso NAS;19;1279;
Retraso NAS;22;1280;
Retraso Compagnia;17;1281;
Retraso Compagnia;29;1282;
Retraso NAS;7;1283;
Retraso Compagnia;19;1284;
Retraso Compagnia;7;1285;
Retraso NAS;8;1286;
Retraso Compagnia;67;1287;
Retraso Previo;22;1288;
Retraso Compagnia;14;1289;
Retraso NAS;2;1290;
Retraso Previo;46;1291;
Retraso Compagnia;16;1292;
Retraso NAS;15;1293;
Retraso Previo;36;1294;
Retraso NAS;82;1295;
Retraso Compagnia;1;1296;
Retraso NAS;12;1297;
Retraso Previo;27;1298;
Retraso NAS;16;1299;
Retraso Compagnia;48;1300;
Retraso NAS;4;1301;
Retraso NAS;20;1302;
Retraso NAS;20;1303;
Retraso NAS;38;1304;
Retraso Compagnia;12;1305;
Retraso NAS;13;1306;
Retraso Previo;23;1307;
Retraso NAS;2;1308;
Retraso Previo;41;1309;
Retraso Compagnia;17;1310;
Retraso NAS;7;1311;
Retraso Previo;18;1312;
Retraso NAS;6;1313;
Retraso Previo;27;1314;
Retraso NAS;46;1315;
Retraso NAS;63;1316;
Retraso Compagnia;37;1317;
Retraso Compagnia;16;1318;
Retraso NAS;22;1319;
Retraso NAS;100;1320;
Retraso NAS;22;1321;
Retraso NAS;17;1322;
Retraso Previo;16;1323;
Retraso NAS;22;1324;
Retraso NAS;25;1325;
Retraso Compagnia;19;1326;
Retraso NAS;18;1327;
Retraso NAS;20;1328;
Retraso Compagnia;70;1329;
Retraso NAS;20;1330;
Retraso Compagnia;54;1331;
Retraso NAS;2;1332;
Retraso Previo;27;1333;
Retraso NAS;19;1334;
Retraso Previo;35;1335;
Retraso NAS;27;1336;
Retraso Previo;3;1337;
Retraso NAS;39;1338;
Retraso NAS;17;1339;
Retraso NAS;27;1340;
Retraso Previo;18;1341;
Retraso Compagnia;17;1342;
Retraso Previo;27;1343;
Retraso NAS;29;1344;
Retraso Previo;1;1345;
Retraso NAS;42;1346;
Retraso Meteorologico;6;1347;
Retraso Previo;10;1348;
Retraso NAS;3;1349;
Retraso Previo;12;1350;
Retraso Previo;33;1351;
Retraso Compagnia;34;1352;
Retraso Compagnia;2;1353;
Retraso Previo;13;1354;
Retraso NAS;26;1355;
Retraso NAS;15;1356;
Retraso Compagnia;48;1357;
Retraso NAS;36;1358;
Retraso NAS;106;1359;
Retraso Meteorologico;8;1360;
Retraso Previo;33;1361;
Retraso NAS;10;1362;
Retraso Previo;47;1363;
Retraso Previo;109;1364;
Retraso NAS;109;1365;
Retraso Previo;21;1366;
Retraso NAS;32;1367;
Retraso NAS;16;1368;
Retraso NAS;43;1369;
Retraso Meteorologico;8;1370;
Retraso NAS;2;1371;
Retraso Previo;72;1372;
Retraso Compagnia;23;1373;
Retraso Previo;57;1374;
Retraso NAS;87;1375;
Retraso NAS;89;1376;
Retraso Compagnia;65;1377;
Retraso Previo;67;1378;
Retraso Compagnia;10;1379;
Retraso NAS;18;1380;
Retraso Previo;38;1381;
Retraso Compagnia;23;1382;
Retraso NAS;8;1383;
Retraso Compagnia;5;1384;
Retraso Previo;34;1385;
Retraso Compagnia;7;1386;
Retraso Previo;20;1387;
Retraso Compagnia;5;1388;
Retraso Previo;50;1389;
Retraso Compagnia;4;1390;
Retraso Previo;38;1391;
Retraso Compagnia;4;1392;
Retraso NAS;6;1393;
Retraso Previo;56;1394;
Retraso Previo;82;1395;
Retraso Compagnia;8;1396;
Retraso Previo;69;1397;
Retraso NAS;3;1398;
Retraso Previo;39;1399;
Retraso Previo;42;1400;
Retraso NAS;15;1401;
Retraso NAS;75;1402;
Retraso Previo;11;1403;
Retraso NAS;45;1404;
Retraso Previo;10;1405;
Retraso NAS;28;1406;
Retraso Previo;99;1407;
Retraso NAS;20;1408;
Retraso Previo;50;1409;
Retraso NAS;15;1410;
Retraso Compagnia;14;1411;
Retraso Previo;5;1412;
Retraso NAS;17;1413;
Retraso NAS;20;1414;
Retraso NAS;30;1415;
Retraso NAS;47;1416;
Retraso Compagnia;150;1417;
Retraso NAS;6;1418;
Retraso NAS;20;1419;
Retraso Previo;18;1420;
Retraso Compagnia;23;1421;
Retraso NAS;2;1422;
Retraso Previo;24;1423;
Retraso NAS;17;1424;
Retraso NAS;15;1425;
Retraso NAS;37;1426;
Retraso NAS;103;1427;
Retraso NAS;96;1428;
Retraso Compagnia;1;1429;
Retraso Previo;43;1430;
Retraso Meteorologico;8;1431;
Retraso NAS;10;1432;
Retraso Previo;147;1433;
Retraso Compagnia;86;1434;
Retraso NAS;8;1435;
Retraso NAS;15;1436;
Retraso Compagnia;51;1437;
Retraso NAS;28;1438;
Retraso NAS;33;1439;
Retraso Compagnia;49;1440;
Retraso NAS;69;1441;
Retraso Previo;2;1442;
Retraso NAS;25;1443;
Retraso Compagnia;22;1444;
Retraso NAS;19;1445;
Retraso Compagnia;23;1446;
Retraso NAS;6;1447;
Retraso Compagnia;10;1448;
Retraso NAS;11;1449;
Retraso NAS;54;1451;
Retraso Meteorologico;7;1452;
Retraso Previo;33;1453;
Retraso NAS;31;1454;
Retraso Previo;16;1455;
Retraso Compagnia;7;1456;
Retraso NAS;13;1457;
Retraso Compagnia;31;1458;
Retraso NAS;32;1459;
Retraso Compagnia;3;1460;
Retraso Previo;67;1461;
Retraso NAS;15;1462;
Retraso NAS;18;1463;
Retraso Compagnia;20;1464;
Retraso Compagnia;10;1465;
Retraso NAS;5;1466;
Retraso NAS;33;1467;
Retraso Compagnia;10;1468;
Retraso NAS;12;1469;
Retraso Compagnia;13;1470;
Retraso NAS;14;1471;
Retraso Compagnia;24;1472;
Retraso NAS;1;1473;
Retraso NAS;21;1474;
Retraso Compagnia;8;1475;
Retraso NAS;10;1476;
Retraso Compagnia;140;1477;
Retraso NAS;30;1478;
Retraso Compagnia;12;1479;
Retraso NAS;16;1480;
Retraso Meteorologico;18;1481;
Retraso Previo;26;1482;
Retraso NAS;20;1483;
Retraso NAS;75;1484;
Retraso Previo;22;1485;
Retraso NAS;17;1486;
Retraso Compagnia;78;1487;
Retraso Previo;3;1488;
Retraso Compagnia;27;1489;
Retraso Compagnia;94;1490;
Retraso Compagnia;9;1491;
Retraso NAS;14;1492;
Retraso Previo;54;1493;
Retraso NAS;22;1494;
Retraso Compagnia;7;1495;
Retraso Previo;17;1496;
Retraso Previo;58;1497;
Retraso Compagnia;19;1498;
Retraso Compagnia;9;1499;
Retraso NAS;12;1500;
Retraso Previo;13;1501;
Retraso Compagnia;102;1502;
Retraso NAS;16;1503;
Retraso Previo;18;1504;
Retraso Meteorologico;9;1505;
Retraso NAS;9;1506;
Retraso Previo;9;1507;
Retraso NAS;16;1508;
Retraso Compagnia;27;1509;
Retraso NAS;15;1510;
Retraso NAS;59;1511;
Retraso NAS;3;1512;
Retraso Previo;128;1513;
Retraso Meteorologico;5;1514;
Retraso Previo;44;1515;
Retraso NAS;24;1517;
Retraso Compagnia;43;1518;
Retraso Meteorologico;9;1519;
Retraso Compagnia;7;1520;
Retraso Meteorologico;10;1521;
Retraso Previo;2;1522;
Retraso NAS;44;1523;
Retraso NAS;35;1524;
Retraso Compagnia;49;1525;
Retraso Previo;36;1526;
Retraso NAS;15;1527;
Retraso NAS;40;1528;
Retraso NAS;61;1529;
Retraso NAS;18;1530;
Retraso Previo;110;1531;
Retraso NAS;3;1532;
Retraso Previo;40;1533;
Retraso NAS;74;1534;
Retraso Compagnia;17;1535;
Retraso NAS;20;1536;
Retraso NAS;4;1537;
Retraso Previo;51;1538;
Retraso Meteorologico;6;1539;
Retraso Previo;96;1540;
Retraso NAS;5;1541;
Retraso Previo;73;1542;
Retraso NAS;84;1543;
Retraso NAS;83;1544;
Retraso NAS;15;1545;
Retraso NAS;100;1546;
Retraso Previo;9;1547;
Retraso NAS;115;1548;
Retraso NAS;136;1549;
Retraso NAS;109;1550;
Retraso NAS;103;1551;
Retraso NAS;30;1553;
Retraso Previo;12;1554;
Retraso NAS;17;1555;
Retraso Previo;1;1556;
Retraso NAS;12;1557;
Retraso Previo;39;1558;
Retraso NAS;28;1559;
Retraso Previo;6;1560;
Retraso Compagnia;9;1561;
Retraso NAS;11;1562;
Retraso Meteorologico;9;1563;
Retraso NAS;13;1564;
Retraso NAS;20;1565;
Retraso Compagnia;50;1566;
Retraso NAS;70;1567;
Retraso NAS;57;1568;
Retraso NAS;15;1569;
Retraso Compagnia;8;1570;
Retraso NAS;12;1571;
Retraso Compagnia;16;1572;
Retraso Compagnia;10;1573;
Retraso NAS;2;1574;
Retraso Previo;29;1575;
Retraso Compagnia;9;1576;
Retraso NAS;24;1577;
Retraso NAS;16;1578;
Retraso Compagnia;23;1579;
Retraso NAS;3;1580;
Retraso Previo;1;1581;
Retraso NAS;26;1582;
Retraso Previo;86;1583;
Retraso Compagnia;22;1584;
Retraso NAS;3;1585;
Retraso NAS;21;1586;
Retraso Compagnia;8;1587;
Retraso Previo;40;1588;
Retraso Compagnia;36;1589;
Retraso NAS;3;1590;
Retraso NAS;20;1591;
Retraso Compagnia;8;1592;
Retraso NAS;12;1593;
Retraso Compagnia;18;1594;
Retraso NAS;110;1595;
Retraso Compagnia;2;1596;
Retraso Previo;14;1597;
Retraso NAS;7;1598;
Retraso Previo;29;1599;
Retraso Compagnia;9;1600;
Retraso Previo;30;1601;
Retraso Compagnia;104;1602;
Retraso NAS;4;1603;
Retraso NAS;16;1604;
Retraso Compagnia;101;1605;
Retraso Compagnia;10;1606;
Retraso Previo;44;1607;
Retraso Previo;29;1608;
Retraso NAS;13;1609;
Retraso Previo;27;1610;
Retraso NAS;15;1611;
Retraso Compagnia;69;1612;
Retraso NAS;4;1613;
Retraso Compagnia;59;1614;
Retraso Previo;48;1615;
Retraso Compagnia;7;1616;
Retraso Previo;8;1617;
Retraso Previo;18;1618;
Retraso Previo;42;1619;
Retraso NAS;295;1620;
Retraso Previo;5;1621;
Retraso NAS;22;1626;
Retraso NAS;23;1627;
Retraso Previo;12;1628;
Retraso Compagnia;34;1629;
Retraso NAS;7;1630;
Retraso NAS;15;1631;
Retraso Compagnia;7;1632;
Retraso NAS;33;1633;
Retraso NAS;20;1634;
Retraso Compagnia;103;1635;
Retraso NAS;9;1636;
Retraso Compagnia;46;1637;
Retraso Compagnia;55;1638;
Retraso Compagnia;316;1639;
Retraso Compagnia;19;1640;
Retraso Compagnia;26;1641;
Retraso NAS;20;1642;
Retraso NAS;17;1643;
Retraso Compagnia;134;1644;
Retraso NAS;17;1645;
Retraso Compagnia;19;1646;
Retraso Compagnia;51;1647;
Retraso Compagnia;85;1648;
Retraso NAS;28;1649;
Retraso NAS;35;1650;
Retraso NAS;21;1651;
Retraso Compagnia;40;1652;
Retraso Compagnia;48;1653;
Retraso NAS;11;1654;
Retraso NAS;31;1655;
Retraso Previo;31;1656;
Retraso NAS;18;1657;
Retraso Previo;59;1658;
Retraso Compagnia;14;1659;
Retraso NAS;12;1660;
Retraso Compagnia;8;1661;
Retraso NAS;8;1662;
Retraso Compagnia;47;1663;
Retraso NAS;22;1664;
Retraso Compagnia;12;1665;
Retraso NAS;1;1666;
Retraso Previo;95;1667;
Retraso Compagnia;17;1670;
Retraso NAS;1;1671;
Retraso Compagnia;46;1672;
Retraso Compagnia;38;1673;
Retraso NAS;3;1674;
Retraso NAS;7;1676;
Retraso Previo;33;1677;
Retraso Compagnia;22;1679;
Retraso NAS;4;1680;
Retraso Previo;69;1681;
Retraso NAS;3;1682;
Retraso Previo;71;1683;
Retraso Compagnia;10;1684;
Retraso Previo;60;1685;
Retraso Compagnia;3;1686;
Retraso NAS;3;1687;
Retraso Previo;69;1688;
Retraso Compagnia;7;1689;
Retraso Previo;73;1690;
Retraso Compagnia;22;1691;
Retraso Previo;187;1692;
Retraso Compagnia;19;1693;
Retraso NAS;14;1694;
Retraso Previo;163;1695;
Retraso Previo;125;1696;
Retraso Previo;52;1697;
Retraso Compagnia;19;1698;
Retraso NAS;12;1699;
Retraso Previo;29;1700;
Retraso NAS;32;1701;
Retraso Previo;19;1702;
Retraso Compagnia;70;1704;
Retraso NAS;2;1705;
Retraso Previo;63;1706;
Retraso NAS;2;1708;
Retraso Previo;13;1709;
Retraso NAS;1;1710;
Retraso Previo;44;1711;
Retraso Compagnia;248;1712;
Retraso NAS;7;1713;
Retraso Previo;219;1714;
Retraso Previo;239;1715;
Retraso NAS;16;1716;
Retraso Compagnia;316;1717;
Retraso Previo;304;1718;
Retraso Compagnia;19;1719;
Retraso Compagnia;148;1720;
Retraso Previo;304;1721;
Retraso Compagnia;17;1727;
Retraso NAS;5;1728;
Retraso NAS;26;1729;
Retraso Compagnia;27;1730;
Retraso NAS;7;1731;
Retraso NAS;3;1732;
Retraso Previo;139;1733;
Retraso Compagnia;37;1734;
Retraso Previo;104;1735;
Retraso Compagnia;103;1736;
Retraso NAS;1;1737;
Retraso Compagnia;35;1738;
Retraso Previo;15;1739;
Retraso NAS;1;1740;
Retraso Previo;122;1741;
Retraso NAS;13;1742;
Retraso Previo;131;1743;
Retraso NAS;1;1744;
Retraso Previo;110;1745;
Retraso Compagnia;1;1746;
Retraso Previo;137;1747;
Retraso Previo;24;1749;
Retraso Previo;50;1750;
Retraso NAS;16;1751;
Retraso NAS;18;1752;
Retraso Previo;9;1753;
Retraso NAS;21;1754;
Retraso Compagnia;56;1755;
Retraso NAS;1;1756;
Retraso NAS;35;1757;
Retraso NAS;20;1759;
Retraso Compagnia;7;1760;
Retraso NAS;83;1761;
Retraso NAS;49;1762;
Retraso Previo;80;1763;
Retraso Compagnia;85;1764;
Retraso Previo;72;1765;
Retraso Compagnia;15;1766;
Retraso NAS;36;1767;
Retraso Compagnia;93;1768;
Retraso Previo;82;1769;
Retraso NAS;15;1770;
Retraso Compagnia;79;1771;
Retraso NAS;23;1773;
Retraso Compagnia;24;1774;
Retraso Previo;56;1775;
Retraso NAS;46;1776;
Retraso Previo;32;1777;
Retraso NAS;53;1778;
Retraso NAS;35;1780;
Retraso NAS;31;1781;
Retraso Previo;16;1782;
Retraso NAS;26;1784;
Retraso NAS;25;1785;
Retraso NAS;30;1786;
Retraso NAS;33;1787;
Retraso NAS;22;1788;
Retraso Compagnia;32;1790;
Retraso Compagnia;52;1791;
Retraso NAS;18;1792;
Retraso Compagnia;4;1793;
Retraso NAS;2;1794;
Retraso Previo;9;1795;
Retraso Compagnia;28;1796;
Retraso NAS;21;1797;
Retraso Previo;37;1798;
Retraso Compagnia;12;1799;
Retraso NAS;3;1800;
Retraso Previo;103;1801;
Retraso Previo;64;1802;
Retraso Compagnia;5;1803;
Retraso Previo;80;1804;
Retraso NAS;11;1805;
Retraso Previo;8;1806;
Retraso Compagnia;12;1807;
Retraso NAS;6;1808;
Retraso Compagnia;4;1809;
Retraso NAS;5;1810;
Retraso Previo;11;1811;
Retraso Compagnia;4;1812;
Retraso Previo;20;1813;
Retraso Previo;30;1814;
Retraso Compagnia;25;1815;
Retraso NAS;5;1816;
Retraso Compagnia;3;1817;
Retraso Previo;30;1818;
Retraso Previo;55;1819;
Retraso NAS;11;1820;
Retraso Previo;61;1821;
Retraso NAS;18;1822;
Retraso Previo;75;1823;
Retraso Previo;52;1824;
Retraso Compagnia;30;1825;
Retraso Compagnia;28;1826;
Retraso Compagnia;70;1827;
Retraso Compagnia;17;1828;
Retraso Compagnia;72;1829;
Retraso NAS;11;1830;
Retraso NAS;15;1831;
Retraso Previo;35;1832;
Retraso Previo;41;1833;
Retraso Compagnia;44;1834;
Retraso Compagnia;66;1835;
Retraso NAS;9;1836;
Retraso Compagnia;21;1837;
Retraso Previo;22;1838;
Retraso Compagnia;26;1839;
Retraso NAS;2;1840;
Retraso Previo;71;1841;
Retraso Compagnia;15;1842;
Retraso NAS;2;1843;
Retraso Compagnia;10;1844;
Retraso NAS;5;1845;
Retraso Compagnia;75;1848;
Retraso Previo;53;1849;
Retraso Compagnia;20;1852;
Retraso Compagnia;163;1853;
Retraso Compagnia;75;1854;
Retraso Previo;49;1855;
Retraso Compagnia;88;1856;
Retraso Compagnia;10;1859;
Retraso NAS;17;1860;
Retraso Compagnia;61;1861;
Retraso NAS;10;1862;
Retraso NAS;5;1863;
Retraso Previo;57;1864;
Retraso Previo;25;1865;
Retraso Previo;38;1866;
Retraso Compagnia;18;1867;
Retraso Previo;19;1869;
Retraso NAS;37;1870;
Retraso Previo;7;1871;
Retraso NAS;41;1872;
Retraso Compagnia;70;1873;
Retraso NAS;9;1874;
Retraso NAS;3;1875;
Retraso Previo;68;1876;
Retraso Compagnia;17;1877;
Retraso Compagnia;2;1878;
Retraso Previo;49;1879;
Retraso Previo;34;1881;
Retraso Compagnia;10;1882;
Retraso Previo;15;1883;
Retraso NAS;23;1884;
Retraso Previo;16;1885;
Retraso Compagnia;46;1886;
Retraso Previo;15;1889;
Retraso Previo;17;1890;
Retraso Compagnia;32;1891;
Retraso NAS;8;1892;
Retraso Compagnia;204;1893;
Retraso Previo;41;1894;
Retraso Compagnia;39;1895;
Retraso Compagnia;59;1896;
Retraso NAS;10;1897;
Retraso Previo;62;1898;
Retraso Previo;22;1899;
Retraso Compagnia;4;1900;
Retraso Previo;72;1901;
Retraso Previo;48;1902;
Retraso NAS;37;1903;
Retraso Compagnia;32;1904;
Retraso NAS;4;1905;
Retraso NAS;3;1906;
Retraso Previo;74;1907;
Retraso Compagnia;26;1908;
Retraso NAS;18;1909;
Retraso Previo;28;1910;
Retraso Previo;40;1911;
Retraso NAS;7;1912;
Retraso Previo;12;1913;
Retraso Compagnia;13;1914;
Retraso NAS;4;1915;
Retraso Compagnia;13;1916;
Retraso NAS;23;1917;
Retraso Compagnia;24;1918;
Retraso Compagnia;4;1919;
Retraso Previo;25;1920;
Retraso Previo;31;1921;
Retraso Compagnia;28;1922;
Retraso NAS;7;1923;
Retraso NAS;58;1924;
Retraso NAS;17;1925;
Retraso Compagnia;48;1926;
Retraso Compagnia;42;1927;
Retraso NAS;4;1928;
Retraso Previo;21;1929;
Retraso Previo;37;1930;
Retraso Compagnia;4;1931;
Retraso NAS;1;1932;
Retraso Previo;29;1933;
Retraso Previo;20;1934;
Retraso Compagnia;50;1936;
Retraso Previo;39;1937;
Retraso Compagnia;48;1938;
Retraso NAS;1;1939;
Retraso Compagnia;15;1940;
Retraso Compagnia;45;1941;
Retraso Compagnia;19;1942;
Retraso NAS;14;1943;
Retraso Previo;12;1944;
Retraso Previo;33;1945;
Retraso Compagnia;35;1946;
Retraso NAS;23;1947;
Retraso NAS;9;1948;
Retraso Previo;7;1949;
Retraso NAS;22;1950;
Retraso Compagnia;18;1951;
Retraso NAS;4;1952;
Retraso Compagnia;7;1962;
Retraso NAS;12;1963;
Retraso Compagnia;8;1964;
Retraso NAS;14;1965;
Retraso NAS;246;1966;
Retraso NAS;204;1967;
Retraso Compagnia;124;1968;
Retraso Compagnia;61;1969;
Retraso NAS;1;1970;
Retraso NAS;20;1972;
Retraso Previo;31;1973;
Retraso NAS;10;1974;
Retraso Previo;11;1975;
Retraso Compagnia;53;1976;
Retraso Compagnia;19;1979;
Retraso NAS;130;1980;
Retraso Previo;53;1981;
Retraso NAS;21;1982;
Retraso NAS;109;1983;
Retraso Previo;78;1984;
Retraso Compagnia;19;1985;
Retraso Previo;183;1986;
Retraso Compagnia;15;1989;
Retraso NAS;4;1990;
Retraso Compagnia;121;1991;
Retraso Meteorologico;169;1992;
Retraso Compagnia;17;1993;
Retraso NAS;15;1994;
Retraso Compagnia;203;1995;
Retraso NAS;5;1996;
Retraso Previo;149;1997;
Retraso NAS;46;1998;
Retraso Compagnia;4;1999;
Retraso NAS;15;2000;
Retraso Compagnia;9;2002;
Retraso Previo;8;2003;
Retraso Compagnia;19;2004;
Retraso Compagnia;5;2005;
Retraso NAS;33;2006;
Retraso Compagnia;2;2007;
Retraso NAS;13;2008;
Retraso Compagnia;11;2009;
Retraso NAS;22;2010;
Retraso Previo;3;2011;
Retraso Compagnia;29;2012;
Retraso NAS;8;2013;
Retraso Previo;43;2014;
Retraso NAS;108;2015;
Retraso Previo;32;2016;
Retraso NAS;79;2017;
Retraso NAS;26;2018;
Retraso NAS;20;2019;
Retraso Compagnia;1;2020;
Retraso NAS;23;2021;
Retraso NAS;59;2022;
Retraso NAS;4;2023;
Retraso Previo;53;2024;
Retraso Compagnia;76;2025;
Retraso NAS;13;2026;
Retraso NAS;71;2027;
Retraso Previo;34;2028;
Retraso Compagnia;1;2029;
Retraso Previo;22;2030;
Retraso NAS;373;2031;
Retraso Compagnia;13;2033;
Retraso NAS;31;2034;
Retraso Previo;4;2035;
Retraso NAS;369;2036;
Retraso Previo;1;2037;
Retraso Compagnia;4;2038;
Retraso Previo;350;2039;
Retraso NAS;20;2040;
Retraso NAS;27;2041;
Retraso Seguridad;22;2042;
Retraso NAS;36;2043;
Retraso Compagnia;106;2044;
Retraso NAS;24;2045;
Retraso NAS;176;2046;
Retraso Previo;91;2047;
Retraso NAS;46;2048;
Retraso NAS;19;2050;
Retraso NAS;20;2051;
Retraso Compagnia;6;2052;
Retraso NAS;28;2053;
Retraso Compagnia;5;2054;
Retraso NAS;17;2055;
Retraso Compagnia;1;2059;
Retraso NAS;77;2060;
Retraso NAS;24;2061;
Retraso NAS;15;2062;
Retraso NAS;268;2063;
Retraso Previo;26;2064;
Retraso Compagnia;21;2065;
Retraso Previo;11;2066;
Retraso NAS;20;2067;
Retraso Compagnia;39;2069;
Retraso NAS;7;2070;
Retraso Compagnia;10;2071;
Retraso NAS;4;2072;
Retraso Previo;5;2073;
Retraso Compagnia;5;2075;
Retraso NAS;25;2076;
Retraso NAS;15;2077;
Retraso Compagnia;97;2078;
Retraso Meteorologico;155;2079;
Retraso NAS;12;2080;
Retraso Previo;27;2081;
Retraso Compagnia;15;2082;
Retraso NAS;3;2083;
Retraso NAS;393;2084;
Retraso NAS;11;2085;
Retraso Previo;18;2086;
Retraso NAS;27;2087;
Retraso Compagnia;9;2088;
Retraso NAS;10;2089;
Retraso NAS;18;2090;
Retraso NAS;173;2091;
Retraso Previo;54;2092;
Retraso NAS;19;2093;
Retraso Compagnia;6;2094;
Retraso NAS;20;2095;
Retraso Compagnia;2;2096;
Retraso Previo;38;2097;
Retraso NAS;31;2098;
Retraso NAS;21;2099;
Retraso Compagnia;4;2100;
Retraso Previo;50;2101;
Retraso NAS;67;2102;
Retraso NAS;17;2103;
Retraso NAS;92;2104;
Retraso NAS;30;2105;
Retraso Previo;225;2106;
Retraso NAS;15;2107;
Retraso NAS;15;2108;
Retraso NAS;176;2109;
Retraso Compagnia;36;2110;
Retraso Previo;5;2111;
Retraso Previo;33;2112;
Retraso Previo;16;2113;
Retraso NAS;37;2114;
Retraso NAS;14;2115;
Retraso Previo;52;2116;
Retraso NAS;55;2117;
Retraso Previo;44;2118;
Retraso Previo;53;2119;
Retraso Compagnia;12;2120;
Retraso NAS;3;2121;
Retraso Previo;41;2122;
Retraso Previo;40;2123;
Retraso Compagnia;3;2124;
Retraso NAS;1;2125;
Retraso Previo;14;2126;
Retraso Compagnia;1;2127;
Retraso Previo;18;2128;
Retraso Compagnia;55;2129;
Retraso Compagnia;8;2130;
Retraso NAS;25;2131;
Retraso Meteorologico;112;2132;
Retraso NAS;42;2133;
Retraso NAS;120;2134;
Retraso NAS;24;2135;
Retraso Compagnia;5;2136;
Retraso Previo;49;2137;
Retraso Compagnia;13;2138;
Retraso Previo;48;2139;
Retraso Compagnia;161;2140;
Retraso NAS;6;2141;
Retraso NAS;69;2142;
Retraso Compagnia;1;2143;
Retraso Previo;17;2144;
Retraso Compagnia;105;2145;
Retraso NAS;22;2146;
Retraso Compagnia;3;2147;
Retraso Previo;58;2148;
Retraso Compagnia;4;2149;
Retraso NAS;5;2150;
Retraso Previo;57;2151;
Retraso NAS;63;2152;
Retraso Compagnia;13;2153;
Retraso NAS;8;2154;
Retraso Previo;3;2155;
Retraso Compagnia;2;2156;
Retraso NAS;14;2157;
Retraso Compagnia;97;2158;
Retraso NAS;2;2159;
Retraso Meteorologico;25;2160;
Retraso Previo;60;2161;
Retraso NAS;18;2162;
Retraso Previo;8;2163;
Retraso Compagnia;3;2164;
Retraso Previo;36;2165;
Retraso NAS;44;2166;
Retraso NAS;39;2167;
Retraso Compagnia;73;2168;
Retraso NAS;74;2169;
Retraso NAS;16;2170;
Retraso NAS;15;2171;
Retraso Previo;9;2172;
Retraso NAS;18;2173;
Retraso Compagnia;10;2174;
Retraso NAS;70;2175;
Retraso NAS;82;2176;
Retraso Compagnia;17;2177;
Retraso NAS;69;2178;
Retraso Previo;24;2179;
Retraso NAS;15;2180;
Retraso NAS;15;2181;
Retraso Compagnia;6;2182;
Retraso NAS;2;2183;
Retraso Previo;11;2184;
Retraso Compagnia;103;2185;
Retraso Previo;206;2186;
Retraso NAS;19;2187;
Retraso NAS;16;2188;
Retraso NAS;32;2189;
Retraso Compagnia;39;2190;
Retraso NAS;1;2191;
Retraso NAS;16;2192;
Retraso Compagnia;71;2193;
Retraso NAS;6;2194;
Retraso Compagnia;249;2195;
Retraso NAS;25;2196;
Retraso NAS;17;2197;
Retraso Compagnia;21;2198;
Retraso Compagnia;2;2199;
Retraso Previo;25;2200;
Retraso NAS;22;2201;
Retraso Compagnia;59;2202;
Retraso NAS;15;2203;
Retraso Compagnia;11;2204;
Retraso NAS;12;2205;
Retraso NAS;13;2206;
Retraso Previo;8;2207;
Retraso Compagnia;11;2208;
Retraso Previo;13;2209;
Retraso NAS;18;2210;
Retraso Meteorologico;26;2211;
Retraso NAS;10;2212;
Retraso NAS;15;2213;
Retraso NAS;46;2214;
Retraso NAS;19;2215;
Retraso Compagnia;60;2216;
Retraso NAS;1;2217;
Retraso NAS;4;2218;
Retraso Previo;31;2219;
Retraso Compagnia;12;2220;
Retraso Previo;8;2221;
Retraso Compagnia;10;2222;
Retraso NAS;8;2223;
Retraso Previo;54;2224;
Retraso Previo;22;2225;
Retraso Compagnia;48;2226;
Retraso NAS;47;2227;
Retraso Compagnia;4;2228;
Retraso Previo;36;2229;
Retraso Compagnia;5;2230;
Retraso NAS;19;2231;
Retraso NAS;23;2232;
Retraso NAS;109;2233;
Retraso Previo;11;2234;
Retraso Compagnia;11;2235;
Retraso NAS;5;2236;
Retraso Previo;1;2237;
Retraso NAS;32;2238;
Retraso NAS;138;2239;
Retraso NAS;30;2240;
Retraso NAS;166;2241;
Retraso Previo;35;2242;
Retraso Compagnia;22;2243;
Retraso NAS;39;2244;
Retraso Compagnia;5;2245;
Retraso NAS;10;2246;
Retraso NAS;30;2247;
Retraso Previo;7;2248;
Retraso Compagnia;4;2249;
Retraso Previo;35;2250;
Retraso Compagnia;8;2251;
Retraso Previo;19;2252;
Retraso Compagnia;7;2253;
Retraso NAS;23;2254;
Retraso Previo;17;2255;
Retraso NAS;15;2256;
Retraso NAS;25;2257;
Retraso NAS;38;2258;
Retraso Previo;34;2259;
Retraso Previo;15;2260;
Retraso Compagnia;2;2261;
Retraso Previo;63;2262;
Retraso Compagnia;6;2263;
Retraso NAS;17;2264;
Retraso Previo;10;2265;
Retraso Compagnia;9;2266;
Retraso NAS;9;2267;
Retraso Previo;60;2268;
Retraso Compagnia;1;2269;
Retraso NAS;16;2270;
Retraso Previo;18;2271;
Retraso Compagnia;25;2272;
Retraso Compagnia;5;2273;
Retraso NAS;1;2274;
Retraso Previo;14;2275;
Retraso Compagnia;46;2276;
Retraso NAS;10;2277;
Retraso NAS;15;2278;
Retraso Meteorologico;251;2280;
Retraso Compagnia;96;2282;
Retraso Compagnia;6;2284;
Retraso NAS;17;2285;
Retraso NAS;223;2286;
Retraso Previo;21;2287;
Retraso NAS;214;2289;
Retraso Previo;24;2290;
Retraso NAS;15;2291;
Retraso Previo;70;2292;
Retraso Meteorologico;121;2293;
Retraso NAS;45;2294;
Retraso NAS;21;2295;
Retraso NAS;22;2296;
Retraso NAS;29;2297;
Retraso Compagnia;22;2300;
Retraso NAS;22;2301;
Retraso Compagnia;17;2302;
Retraso NAS;9;2303;
Retraso NAS;28;2304;
Retraso NAS;282;2305;
Retraso Previo;14;2306;
Retraso Compagnia;157;2307;
Retraso NAS;53;2308;
Retraso Previo;6;2309;
Retraso NAS;92;2310;
Retraso NAS;75;2311;
Retraso NAS;24;2312;
Retraso Compagnia;7;2313;
Retraso Previo;184;2314;
Retraso Compagnia;3;2315;
Retraso Previo;68;2316;
Retraso NAS;5;2317;
Retraso Previo;59;2318;
Retraso NAS;55;2319;
Retraso NAS;53;2320;
Retraso Previo;23;2321;
Retraso NAS;19;2322;
Retraso Compagnia;2;2323;
Retraso Previo;79;2324;
Retraso Compagnia;189;2325;
Retraso NAS;283;2326;
Retraso Previo;74;2327;
Retraso Compagnia;212;2331;
Retraso NAS;64;2332;
Retraso NAS;330;2336;
Retraso Previo;11;2337;
Retraso NAS;320;2340;
Retraso NAS;71;2341;
Retraso Compagnia;3;2342;
Retraso NAS;23;2343;
Retraso NAS;161;2344;
Retraso Previo;4;2345;
Retraso Compagnia;8;2346;
Retraso NAS;11;2347;
Retraso Previo;131;2348;
Retraso Compagnia;9;2349;
Retraso NAS;10;2350;
Retraso Previo;59;2351;
Retraso Compagnia;7;2352;
Retraso NAS;10;2353;
Retraso Compagnia;18;2354;
Retraso NAS;12;2355;
Retraso NAS;468;2356;
Retraso Compagnia;1;2357;
Retraso Previo;23;2358;
Retraso Compagnia;61;2359;
Retraso NAS;24;2360;
Retraso NAS;17;2361;
Retraso NAS;22;2362;
Retraso Previo;46;2363;
Retraso NAS;25;2364;
Retraso Previo;27;2365;
Retraso NAS;7;2366;
Retraso Previo;41;2367;
Retraso Compagnia;34;2368;
Retraso NAS;11;2369;
Retraso Compagnia;1;2370;
Retraso Previo;34;2371;
Retraso Compagnia;19;2372;
Retraso NAS;1;2373;
Retraso Previo;132;2374;
Retraso Compagnia;2;2375;
Retraso NAS;14;2376;
Retraso Previo;45;2377;
Retraso Compagnia;4;2378;
Retraso Previo;13;2379;
Retraso Compagnia;254;2380;
Retraso NAS;21;2381;
Retraso Compagnia;14;2382;
Retraso Previo;4;2383;
Retraso Compagnia;36;2384;
Retraso NAS;25;2385;
Retraso Compagnia;3;2386;
Retraso NAS;10;2387;
Retraso Previo;56;2388;
Retraso Compagnia;12;2389;
Retraso Previo;22;2390;
Retraso Compagnia;3;2391;
Retraso Previo;24;2392;
Retraso NAS;99;2393;
Retraso NAS;235;2394;
Retraso Compagnia;157;2395;
Retraso Meteorologico;285;2396;
Retraso Compagnia;35;2399;
Retraso Previo;2;2400;
Retraso NAS;15;2401;
Retraso Compagnia;15;2402;
Retraso NAS;6;2403;
Retraso Compagnia;10;2404;
Retraso NAS;11;2405;
Retraso Compagnia;10;2406;
Retraso NAS;6;2407;
Retraso NAS;40;2408;
Retraso Compagnia;4;2409;
Retraso Previo;44;2410;
Retraso NAS;3;2411;
Retraso Previo;23;2412;
Retraso Compagnia;16;2415;
Retraso NAS;5;2416;
Retraso NAS;25;2417;
Retraso Compagnia;9;2418;
Retraso NAS;25;2419;
Retraso Compagnia;19;2420;
Retraso Compagnia;23;2421;
Retraso Compagnia;34;2422;
Retraso NAS;37;2423;
Retraso NAS;10;2424;
Retraso Previo;12;2425;
Retraso NAS;9;2426;
Retraso Previo;66;2427;
Retraso Compagnia;6;2428;
Retraso Previo;11;2429;
Retraso NAS;119;2430;
Retraso Compagnia;2;2431;
Retraso NAS;19;2432;
Retraso Previo;10;2433;
Retraso Compagnia;25;2434;
Retraso NAS;11;2435;
Retraso NAS;44;2436;
Retraso Compagnia;21;2437;
Retraso NAS;18;2438;
Retraso Compagnia;4;2439;
Retraso NAS;12;2440;
Retraso Previo;15;2441;
Retraso NAS;40;2442;
Retraso Compagnia;42;2443;
Retraso NAS;9;2444;
Retraso NAS;42;2445;
Retraso Previo;40;2446;
Retraso Compagnia;36;2447;
Retraso Previo;18;2448;
Retraso NAS;52;2449;
Retraso NAS;21;2450;
Retraso NAS;56;2451;
Retraso NAS;39;2452;
Retraso Compagnia;77;2453;
Retraso Compagnia;38;2454;
Retraso NAS;11;2455;
Retraso NAS;32;2456;
Retraso Compagnia;36;2457;
Retraso NAS;23;2458;
Retraso NAS;20;2459;
Retraso NAS;22;2460;
Retraso NAS;61;2461;
Retraso NAS;44;2462;
Retraso NAS;15;2463;
Retraso NAS;38;2464;
Retraso Compagnia;13;2465;
Retraso NAS;11;2466;
Retraso Compagnia;14;2467;
Retraso NAS;34;2468;
Retraso Compagnia;77;2469;
Retraso NAS;6;2470;
Retraso NAS;19;2471;
Retraso NAS;206;2472;
Retraso Compagnia;8;2473;
Retraso NAS;32;2474;
Retraso Compagnia;41;2475;
Retraso NAS;7;2476;
Retraso NAS;18;2477;
Retraso Compagnia;7;2478;
Retraso Previo;18;2479;
Retraso Compagnia;153;2480;
Retraso Previo;132;2481;
Retraso NAS;18;2482;
Retraso Compagnia;182;2483;
Retraso NAS;18;2484;
Retraso NAS;25;2485;
Retraso NAS;78;2486;
Retraso NAS;93;2487;
Retraso Compagnia;2;2488;
Retraso Previo;19;2489;
Retraso NAS;34;2490;
Retraso NAS;17;2491;
Retraso NAS;17;2492;
Retraso Compagnia;5;2493;
Retraso Previo;14;2494;
Retraso Previo;32;2495;
Retraso Previo;17;2496;
Retraso NAS;84;2497;
Retraso NAS;17;2498;
Retraso NAS;16;2499;
Retraso Compagnia;4;2500;
Retraso Previo;28;2501;
Retraso NAS;17;2502;
Retraso Compagnia;47;2503;
Retraso Compagnia;36;2504;
Retraso NAS;10;2505;
Retraso Compagnia;14;2506;
Retraso NAS;22;2507;
Retraso NAS;15;2508;
Retraso Compagnia;15;2509;
Retraso Compagnia;38;2510;
Retraso NAS;2;2511;
Retraso Compagnia;11;2512;
Retraso NAS;6;2513;
Retraso Compagnia;5;2514;
Retraso NAS;4;2515;
Retraso Previo;41;2516;
Retraso NAS;168;2517;
Retraso Compagnia;4;2518;
Retraso Previo;13;2519;
Retraso NAS;20;2520;
Retraso NAS;22;2521;
Retraso Compagnia;20;2522;
Retraso Compagnia;14;2523;
Retraso NAS;2;2524;
Retraso Compagnia;16;2525;
Retraso NAS;39;2526;
Retraso Compagnia;13;2527;
Retraso NAS;8;2528;
Retraso NAS;27;2529;
Retraso NAS;12;2530;
Retraso Previo;26;2531;
Retraso Compagnia;11;2532;
Retraso NAS;21;2533;
Retraso NAS;140;2534;
Retraso Compagnia;31;2535;
Retraso NAS;15;2536;
Retraso NAS;7;2537;
Retraso Previo;17;2538;
Retraso NAS;17;2539;
Retraso Compagnia;134;2540;
Retraso NAS;33;2541;
Retraso Compagnia;3;2542;
Retraso NAS;15;2543;
Retraso Previo;95;2544;
Retraso Compagnia;6;2545;
Retraso NAS;4;2546;
Retraso Previo;8;2547;
Retraso NAS;38;2548;
Retraso Compagnia;43;2549;
Retraso Compagnia;48;2550;
Retraso NAS;17;2551;
Retraso NAS;22;2552;
Retraso Compagnia;6;2553;
Retraso Previo;24;2554;
Retraso NAS;35;2555;
Retraso Previo;45;2556;
Retraso NAS;48;2557;
Retraso NAS;67;2558;
Retraso Meteorologico;78;2559;
Retraso NAS;8;2560;
Retraso NAS;31;2561;
Retraso NAS;19;2562;
Retraso Compagnia;29;2563;
Retraso NAS;3;2564;
Retraso Compagnia;23;2565;
Retraso NAS;21;2566;
Retraso Compagnia;33;2567;
Retraso Compagnia;22;2568;
Retraso NAS;13;2569;
Retraso NAS;26;2570;
Retraso NAS;62;2571;
Retraso Compagnia;18;2572;
Retraso Compagnia;8;2573;
Retraso NAS;13;2574;
Retraso Previo;22;2575;
Retraso NAS;72;2576;
Retraso NAS;62;2577;
Retraso NAS;15;2578;
Retraso Compagnia;34;2579;
Retraso Compagnia;4;2580;
Retraso Previo;23;2581;
Retraso NAS;26;2582;
Retraso NAS;29;2583;
Retraso Compagnia;11;2584;
Retraso NAS;12;2585;
Retraso NAS;10;2586;
Retraso Previo;29;2587;
Retraso NAS;16;2588;
Retraso NAS;107;2589;
Retraso Compagnia;21;2590;
Retraso Compagnia;7;2591;
Retraso NAS;17;2592;
Retraso Meteorologico;11;2593;
Retraso NAS;74;2594;
Retraso Compagnia;20;2595;
Retraso NAS;5;2596;
Retraso NAS;15;2597;
Retraso NAS;24;2598;
Retraso Meteorologico;104;2599;
Retraso Compagnia;30;2600;
Retraso NAS;7;2601;
Retraso NAS;17;2602;
Retraso NAS;3;2603;
Retraso Previo;26;2604;
Retraso NAS;32;2605;
Retraso NAS;43;2606;
Retraso Seguridad;10;2607;
Retraso Compagnia;130;2608;
Retraso NAS;14;2609;
Retraso NAS;19;2610;
Retraso Compagnia;7;2611;
Retraso NAS;19;2612;
Retraso Compagnia;31;2613;
Retraso NAS;42;2614;
Retraso NAS;204;2615;
Retraso NAS;22;2616;
Retraso Previo;19;2617;
Retraso Previo;21;2618;
Retraso Compagnia;10;2619;
Retraso NAS;5;2620;
Retraso Compagnia;8;2621;
Retraso NAS;8;2622;
Retraso NAS;17;2623;
Retraso NAS;202;2624;
Retraso Compagnia;9;2625;
Retraso NAS;7;2626;
Retraso NAS;17;2627;
Retraso Previo;21;2628;
Retraso Compagnia;14;2629;
Retraso NAS;2;2630;
Retraso Compagnia;3;2631;
Retraso Previo;16;2632;
Retraso Meteorologico;5;2633;
Retraso Previo;23;2634;
Retraso Compagnia;6;2635;
Retraso Previo;35;2636;
Retraso NAS;7;2637;
Retraso Seguridad;11;2638;
Retraso NAS;21;2639;
Retraso NAS;332;2640;
Retraso Compagnia;11;2641;
Retraso Previo;11;2642;
Retraso Compagnia;13;2643;
Retraso Previo;17;2644;
Retraso Compagnia;9;2645;
Retraso NAS;50;2646;
Retraso Compagnia;12;2647;
Retraso NAS;5;2648;
Retraso Meteorologico;9;2649;
Retraso NAS;19;2650;
Retraso Compagnia;14;2651;
Retraso NAS;7;2652;
Retraso NAS;29;2653;
Retraso Compagnia;1;2654;
Retraso Previo;36;2655;
Retraso NAS;3;2656;
Retraso Previo;22;2657;
Retraso NAS;47;2658;
Retraso NAS;11;2659;
Retraso Seguridad;10;2660;
Retraso NAS;17;2661;
Retraso NAS;15;2662;
Retraso NAS;20;2663;
Retraso Seguridad;14;2664;
Retraso NAS;19;2665;
Retraso NAS;19;2666;
Retraso NAS;26;2667;
Retraso NAS;16;2668;
Retraso NAS;47;2669;
Retraso NAS;21;2670;
Retraso NAS;19;2671;
Retraso NAS;18;2672;
Retraso Compagnia;20;2673;
Retraso NAS;6;2674;
Retraso Previo;59;2675;
Retraso Compagnia;24;2676;
Retraso NAS;9;2677;
Retraso Compagnia;9;2678;
Retraso NAS;29;2679;
Retraso Compagnia;15;2680;
Retraso Meteorologico;1;2681;
Retraso NAS;5;2682;
Retraso Previo;48;2683;
Retraso NAS;49;2684;
Retraso Previo;84;2685;
Retraso NAS;12;2686;
Retraso Previo;15;2687;
Retraso Compagnia;78;2688;
Retraso NAS;216;2689;
Retraso NAS;29;2690;
Retraso Compagnia;25;2691;
Retraso NAS;13;2692;
Retraso NAS;32;2693;
Retraso Compagnia;3;2694;
Retraso NAS;5;2695;
Retraso Previo;19;2696;
Retraso NAS;22;2697;
Retraso Compagnia;17;2698;
Retraso NAS;11;2699;
Retraso NAS;15;2700;
Retraso Compagnia;127;2701;
Retraso Compagnia;19;2703;
Retraso Meteorologico;34;2704;
Retraso NAS;44;2705;
Retraso NAS;34;2706;
Retraso Compagnia;8;2707;
Retraso NAS;15;2708;
Retraso NAS;25;2709;
Retraso Compagnia;55;2710;
Retraso NAS;23;2711;
Retraso NAS;103;2712;
Retraso Previo;34;2713;
Retraso Compagnia;6;2714;
Retraso NAS;17;2715;
Retraso Previo;26;2716;
Retraso Meteorologico;19;2717;
Retraso NAS;25;2718;
Retraso NAS;343;2719;
Retraso NAS;17;2720;
Retraso Compagnia;36;2721;
Retraso NAS;5;2722;
Retraso NAS;191;2723;
Retraso Compagnia;14;2724;
Retraso NAS;20;2725;
Retraso Compagnia;95;2726;
Retraso Compagnia;20;2727;
Retraso Compagnia;72;2728;
Retraso Previo;47;2729;
Retraso NAS;2;2730;
Retraso Previo;54;2731;
Retraso NAS;27;2732;
Retraso Compagnia;6;2733;
Retraso NAS;19;2734;
Retraso Previo;18;2735;
Retraso NAS;83;2736;
Retraso Compagnia;57;2737;
Retraso Compagnia;18;2738;
Retraso NAS;4;2739;
Retraso Meteorologico;34;2740;
Retraso NAS;32;2741;
Retraso NAS;15;2742;
Retraso NAS;34;2743;
Retraso NAS;27;2744;
Retraso NAS;78;2745;
Retraso Compagnia;19;2746;
Retraso NAS;62;2747;
Retraso NAS;31;2748;
Retraso NAS;17;2749;
Retraso NAS;264;2750;
Retraso NAS;68;2751;
Retraso NAS;17;2752;
Retraso NAS;34;2753;
Retraso Previo;11;2754;
Retraso NAS;25;2755;
Retraso NAS;15;2756;
Retraso Compagnia;49;2757;
Retraso Compagnia;19;2759;
Retraso NAS;2;2760;
Retraso NAS;90;2761;
Retraso NAS;16;2762;
Retraso Compagnia;43;2763;
Retraso NAS;3;2764;
Retraso Previo;16;2765;
Retraso NAS;40;2766;
Retraso NAS;32;2767;
Retraso Compagnia;110;2768;
Retraso Meteorologico;4;2769;
Retraso Previo;23;2770;
Retraso NAS;20;2771;
Retraso NAS;226;2773;
Retraso NAS;112;2774;
Retraso NAS;25;2775;
Retraso Compagnia;25;2776;
Retraso Compagnia;115;2777;
Retraso NAS;29;2778;
Retraso Compagnia;6;2779;
Retraso Previo;13;2780;
Retraso Compagnia;32;2781;
Retraso NAS;21;2782;
Retraso NAS;16;2783;
Retraso NAS;18;2784;
Retraso NAS;17;2785;
Retraso Compagnia;8;2786;
Retraso Previo;23;2787;
Retraso NAS;15;2788;
Retraso Compagnia;9;2789;
Retraso NAS;6;2790;
Retraso Compagnia;1;2791;
Retraso NAS;12;2792;
Retraso Previo;20;2793;
Retraso Compagnia;51;2794;
Retraso NAS;213;2795;
Retraso NAS;16;2796;
Retraso NAS;20;2797;
Retraso NAS;24;2798;
Retraso Compagnia;66;2799;
Retraso NAS;67;2800;
Retraso Compagnia;21;2801;
Retraso NAS;16;2802;
Retraso NAS;10;2803;
Retraso Previo;6;2804;
Retraso NAS;16;2805;
Retraso Compagnia;100;2806;
Retraso NAS;87;2807;
Retraso Compagnia;17;2808;
Retraso NAS;69;2809;
Retraso Compagnia;8;2810;
Retraso NAS;12;2811;
Retraso Compagnia;27;2812;
Retraso Compagnia;28;2813;
Retraso NAS;29;2814;
Retraso Compagnia;23;2815;
Retraso NAS;21;2816;
Retraso NAS;1;2817;
Retraso Previo;72;2818;
Retraso Compagnia;11;2819;
Retraso NAS;25;2820;
Retraso NAS;129;2821;
Retraso Compagnia;75;2822;
Retraso NAS;163;2823;
Retraso Compagnia;184;2824;
Retraso Compagnia;15;2825;
Retraso Previo;21;2826;
Retraso Meteorologico;7;2827;
Retraso Previo;68;2828;
Retraso NAS;9;2829;
Retraso Previo;34;2830;
Retraso Compagnia;14;2831;
Retraso NAS;1;2832;
Retraso NAS;15;2833;
Retraso Compagnia;10;2834;
Retraso NAS;16;2835;
Retraso NAS;21;2836;
Retraso Compagnia;6;2837;
Retraso NAS;13;2838;
Retraso Meteorologico;31;2839;
Retraso NAS;8;2840;
Retraso NAS;47;2841;
Retraso Compagnia;7;2842;
Retraso NAS;13;2843;
Retraso NAS;61;2844;
Retraso Compagnia;21;2845;
Retraso NAS;9;2846;
Retraso Compagnia;32;2847;
Retraso NAS;4;2848;
Retraso Compagnia;31;2849;
Retraso NAS;9;2850;
Retraso NAS;18;2851;
Retraso Compagnia;38;2852;
Retraso NAS;79;2853;
Retraso Compagnia;7;2854;
Retraso NAS;8;2855;
Retraso Compagnia;28;2856;
Retraso Compagnia;9;2857;
Retraso NAS;7;2858;
Retraso NAS;21;2859;
Retraso NAS;17;2860;
Retraso Compagnia;8;2861;
Retraso NAS;25;2862;
Retraso Compagnia;18;2863;
Retraso Compagnia;7;2864;
Retraso NAS;9;2865;
Retraso NAS;34;2866;
Retraso Previo;7;2867;
Retraso Compagnia;4;2868;
Retraso Previo;29;2869;
Retraso NAS;134;2870;
Retraso NAS;46;2871;
Retraso Compagnia;18;2872;
Retraso NAS;6;2873;
Retraso Previo;9;2874;
Retraso Compagnia;19;2875;
Retraso NAS;17;2876;
Retraso Compagnia;13;2877;
Retraso NAS;12;2878;
Retraso Compagnia;11;2879;
Retraso NAS;11;2880;
Retraso Compagnia;7;2881;
Retraso NAS;10;2882;
Retraso Compagnia;81;2883;
Retraso Compagnia;28;2884;
Retraso NAS;1;2885;
Retraso Meteorologico;17;2886;
Retraso NAS;25;2887;
Retraso NAS;43;2888;
Retraso NAS;22;2889;
Retraso NAS;23;2904;
Retraso Compagnia;94;2905;
Retraso Compagnia;4;2906;
Retraso Previo;12;2907;
Retraso Compagnia;12;2908;
Retraso NAS;8;2909;
Retraso Previo;4;2910;
Retraso NAS;16;2911;
Retraso Compagnia;48;2912;
Retraso Previo;14;2913;
Retraso Compagnia;41;2914;
Retraso Previo;16;2915;
Retraso Compagnia;6;2916;
Retraso NAS;22;2917;
Retraso Compagnia;16;2918;
Retraso NAS;211;2919;
Retraso Previo;68;2920;
Retraso Compagnia;18;2921;
Retraso NAS;5;2922;
Retraso Compagnia;5;2923;
Retraso Previo;39;2924;
Retraso NAS;12;2925;
Retraso Previo;23;2926;
Retraso NAS;17;2927;
Retraso Compagnia;14;2928;
Retraso NAS;5;2929;
Retraso Previo;4;2930;
Retraso Compagnia;7;2931;
Retraso NAS;6;2932;
Retraso Previo;16;2933;
Retraso Compagnia;8;2934;
Retraso NAS;7;2935;
Retraso Compagnia;20;2936;
Retraso Previo;7;2937;
Retraso Compagnia;9;2939;
Retraso NAS;20;2940;
Retraso Previo;8;2941;
Retraso NAS;9;2942;
Retraso Previo;7;2943;
Retraso Compagnia;33;2944;
Retraso Previo;17;2945;
Retraso NAS;15;2946;
Retraso Compagnia;64;2947;
Retraso NAS;19;2948;
Retraso NAS;15;2949;
Retraso Previo;46;2950;
Retraso Meteorologico;9;2951;
Retraso NAS;27;2952;
Retraso Previo;32;2953;
Retraso NAS;90;2954;
Retraso NAS;23;2955;
Retraso Previo;69;2956;
Retraso Compagnia;65;2957;
Retraso NAS;37;2958;
Retraso Previo;2;2959;
Retraso NAS;27;2960;
Retraso NAS;26;2961;
Retraso Compagnia;136;2963;
Retraso Compagnia;9;2964;
Retraso NAS;30;2965;
Retraso NAS;31;2966;
Retraso NAS;138;2967;
Retraso NAS;19;2968;
Retraso NAS;23;2969;
Retraso NAS;13;2970;
Retraso Previo;28;2971;
Retraso NAS;27;2972;
Retraso NAS;19;2973;
Retraso NAS;17;2974;
Retraso NAS;1;2975;
Retraso Previo;50;2976;
Retraso NAS;1;2977;
Retraso Previo;37;2978;
Retraso NAS;16;2979;
Retraso NAS;47;2980;
Retraso Compagnia;16;2981;
Retraso NAS;9;2982;
Retraso NAS;108;2983;
Retraso Previo;16;2984;
Retraso NAS;35;2985;
Retraso NAS;14;2986;
Retraso Previo;8;2987;
Retraso NAS;21;2988;
Retraso NAS;3;2989;
Retraso Previo;73;2990;
Retraso NAS;37;2991;
Retraso Previo;174;2992;
Retraso NAS;24;2993;
Retraso Meteorologico;23;2994;
Retraso NAS;55;2995;
Retraso NAS;29;2996;
Retraso Previo;7;2997;
Retraso NAS;21;2998;
Retraso NAS;22;2999;
Retraso Previo;47;3000;
Retraso Previo;159;3001;
Retraso NAS;101;3002;
Retraso Compagnia;8;3003;
Retraso NAS;9;3004;
Retraso Compagnia;14;3005;
Retraso NAS;33;3006;
Retraso NAS;82;3007;
Retraso NAS;60;3008;
Retraso Compagnia;7;3010;
Retraso NAS;10;3011;
Retraso Compagnia;69;3012;
Retraso NAS;7;3013;
Retraso NAS;21;3014;
Retraso NAS;17;3015;
Retraso NAS;18;3016;
Retraso NAS;31;3017;
Retraso Previo;8;3018;
Retraso Compagnia;19;3019;
Retraso NAS;61;3020;
Retraso NAS;29;3021;
Retraso NAS;44;3022;
Retraso NAS;21;3023;
Retraso NAS;79;3024;
Retraso Compagnia;57;3025;
Retraso NAS;70;3026;
Retraso Previo;51;3027;
Retraso Compagnia;10;3028;
Retraso Previo;28;3029;
Retraso Compagnia;19;3031;
Retraso NAS;7;3032;
Retraso NAS;45;3033;
Retraso NAS;133;3034;
Retraso Previo;39;3035;
Retraso NAS;1;3036;
Retraso Previo;14;3037;
Retraso Compagnia;3;3038;
Retraso NAS;6;3039;
Retraso Previo;7;3040;
Retraso Previo;32;3041;
Retraso NAS;17;3042;
Retraso NAS;17;3043;
Retraso NAS;2;3044;
Retraso Previo;57;3045;
Retraso Compagnia;13;3046;
Retraso NAS;6;3047;
Retraso NAS;26;3048;
Retraso Compagnia;22;3049;
Retraso Compagnia;6;3050;
Retraso NAS;9;3051;
Retraso Compagnia;71;3052;
Retraso NAS;12;3053;
Retraso Previo;2;3054;
Retraso NAS;14;3055;
Retraso Previo;11;3056;
Retraso Compagnia;30;3057;
Retraso NAS;2;3058;
Retraso Compagnia;2;3059;
Retraso NAS;132;3060;
Retraso Previo;31;3061;
Retraso Meteorologico;4;3062;
Retraso NAS;65;3063;
Retraso Previo;43;3064;
Retraso Compagnia;24;3065;
Retraso NAS;75;3066;
Retraso Previo;11;3067;
Retraso NAS;10;3069;
Retraso Previo;85;3070;
Retraso NAS;222;3071;
Retraso NAS;48;3072;
Retraso Previo;102;3073;
Retraso NAS;10;3074;
Retraso Previo;20;3075;
Retraso Compagnia;42;3076;
Retraso NAS;25;3077;
Retraso NAS;23;3078;
Retraso Compagnia;8;3079;
Retraso Previo;10;3080;
Retraso Compagnia;6;3081;
Retraso NAS;10;3082;
Retraso Previo;18;3083;
Retraso NAS;40;3084;
Retraso NAS;15;3085;
Retraso Previo;10;3086;
Retraso NAS;16;3087;
Retraso Compagnia;1;3088;
Retraso NAS;15;3089;
Retraso Previo;9;3090;
Retraso NAS;15;3091;
Retraso Previo;7;3092;
Retraso Compagnia;23;3093;
Retraso NAS;17;3094;
Retraso Compagnia;3;3095;
Retraso NAS;10;3096;
Retraso Previo;9;3097;
Retraso Compagnia;76;3098;
Retraso NAS;17;3099;
Retraso Previo;16;3100;
Retraso Compagnia;85;3101;
Retraso Previo;11;3102;
Retraso Compagnia;36;3103;
Retraso NAS;16;3104;
Retraso NAS;33;3105;
Retraso NAS;17;3106;
Retraso NAS;21;3107;
Retraso NAS;8;3108;
Retraso Previo;7;3109;
Retraso Previo;23;3110;
Retraso NAS;22;3111;
Retraso Compagnia;1;3112;
Retraso NAS;8;3113;
Retraso Previo;15;3114;
Retraso NAS;15;3115;
Retraso Compagnia;282;3116;
Retraso Compagnia;40;3117;
Retraso NAS;5;3118;
Retraso Previo;5;3119;
Retraso Compagnia;40;3120;
Retraso NAS;1;3121;
Retraso Previo;7;3122;
Retraso NAS;24;3123;
Retraso NAS;15;3124;
Retraso Previo;33;3125;
Retraso NAS;40;3126;
Retraso Compagnia;27;3127;
Retraso Compagnia;8;3128;
Retraso NAS;8;3129;
Retraso Compagnia;45;3130;
Retraso NAS;16;3131;
Retraso Previo;7;3132;
Retraso Compagnia;24;3133;
Retraso NAS;22;3134;
Retraso NAS;16;3135;
Retraso Compagnia;6;3136;
Retraso NAS;10;3137;
Retraso Previo;2;3138;
Retraso Compagnia;28;3139;
Retraso Compagnia;19;3140;
Retraso NAS;19;3141;
Retraso Compagnia;1;3142;
Retraso Previo;28;3143;
Retraso NAS;13;3144;
Retraso Previo;18;3145;
Retraso Compagnia;40;3146;
Retraso NAS;32;3147;
Retraso Compagnia;12;3148;
Retraso NAS;13;3149;
Retraso Compagnia;20;3150;
Retraso NAS;5;3151;
Retraso NAS;22;3152;
Retraso Compagnia;6;3153;
Retraso NAS;21;3154;
Retraso Compagnia;87;3155;
Retraso NAS;8;3156;
Retraso NAS;4;3157;
Retraso Previo;24;3158;
Retraso Compagnia;3;3159;
Retraso NAS;7;3160;
Retraso Previo;26;3161;
Retraso Compagnia;3;3162;
Retraso Previo;27;3163;
Retraso NAS;12;3164;
Retraso Previo;13;3165;
Retraso Compagnia;3;3166;
Retraso Previo;165;3167;
Retraso Compagnia;6;3168;
Retraso NAS;6;3169;
Retraso Previo;6;3170;
Retraso NAS;16;3171;
Retraso Previo;8;3172;
Retraso Compagnia;58;3173;
Retraso Previo;16;3174;
Retraso NAS;16;3175;
Retraso Compagnia;51;3176;
Retraso NAS;31;3177;
Retraso NAS;46;3178;
Retraso NAS;13;3179;
Retraso Previo;14;3180;
Retraso Compagnia;38;3181;
Retraso Compagnia;17;3182;
Retraso NAS;11;3183;
Retraso Compagnia;23;3184;
Retraso NAS;15;3185;
Retraso Previo;91;3186;
Retraso NAS;14;3187;
Retraso Previo;7;3188;
Retraso Compagnia;29;3189;
Retraso NAS;25;3190;
Retraso NAS;41;3191;
Retraso Previo;45;3192;
Retraso NAS;3;3193;
Retraso Previo;18;3194;
Retraso NAS;10;3195;
Retraso Previo;9;3196;
Retraso NAS;22;3197;
Retraso Previo;92;3198;
Retraso Compagnia;100;3199;
Retraso NAS;15;3200;
Retraso NAS;2;3201;
Retraso Previo;37;3202;
Retraso NAS;24;3203;
Retraso Compagnia;19;3204;
Retraso NAS;14;3205;
Retraso NAS;17;3206;
Retraso Compagnia;10;3207;
Retraso NAS;8;3208;
Retraso Compagnia;48;3209;
Retraso NAS;1;3210;
Retraso Compagnia;45;3211;
Retraso Previo;70;3212;
Retraso Previo;56;3213;
Retraso NAS;18;3214;
Retraso Compagnia;159;3215;
Retraso Compagnia;49;3216;
Retraso NAS;4;3217;
Retraso NAS;23;3218;
Retraso Compagnia;134;3219;
Retraso NAS;9;3220;
Retraso Compagnia;33;3221;
Retraso NAS;3;3222;
Retraso NAS;16;3223;
Retraso NAS;24;3224;
Retraso Compagnia;10;3225;
Retraso NAS;8;3226;
Retraso Compagnia;31;3227;
Retraso NAS;5;3228;
Retraso Previo;24;3229;
Retraso NAS;53;3230;
Retraso Previo;38;3231;
Retraso Previo;16;3232;
Retraso NAS;25;3233;
Retraso NAS;17;3234;
Retraso Compagnia;29;3235;
Retraso NAS;2;3236;
Retraso Compagnia;14;3237;
Retraso NAS;1;3238;
Retraso Previo;17;3239;
Retraso NAS;20;3240;
Retraso NAS;19;3241;
Retraso NAS;22;3242;
Retraso NAS;31;3243;
Retraso NAS;16;3244;
Retraso Compagnia;18;3245;
Retraso NAS;12;3246;
Retraso Previo;3;3247;
Retraso NAS;14;3248;
Retraso Previo;17;3249;
Retraso Compagnia;6;3250;
Retraso NAS;18;3251;
Retraso Previo;20;3252;
Retraso NAS;47;3253;
Retraso NAS;68;3254;
Retraso Previo;9;3255;
Retraso NAS;38;3256;
Retraso NAS;177;3257;
Retraso NAS;25;3258;
Retraso Compagnia;7;3259;
Retraso NAS;23;3260;
Retraso Meteorologico;249;3261;
Retraso NAS;3;3262;
Retraso Compagnia;169;3263;
Retraso NAS;2;3264;
Retraso NAS;19;3265;
Retraso NAS;22;3266;
Retraso Previo;24;3267;
Retraso NAS;31;3268;
Retraso Previo;39;3269;
Retraso NAS;6;3270;
Retraso Previo;9;3271;
Retraso NAS;23;3272;
Retraso NAS;16;3273;
Retraso NAS;30;3274;
Retraso NAS;19;3275;
Retraso Previo;32;3276;
Retraso NAS;1;3277;
Retraso Previo;19;3278;
Retraso Previo;25;3279;
Retraso Previo;22;3280;
Retraso NAS;2;3281;
Retraso Previo;30;3282;
Retraso NAS;7;3283;
Retraso Previo;11;3284;
Retraso NAS;2;3285;
Retraso Previo;21;3286;
Retraso Previo;19;3287;
Retraso Compagnia;15;3288;
Retraso NAS;6;3289;
Retraso Compagnia;10;3290;
Retraso NAS;14;3291;
Retraso Compagnia;16;3292;
Retraso Previo;2;3293;
Retraso Compagnia;16;3294;
Retraso NAS;4;3295;
Retraso Compagnia;16;3296;
Retraso NAS;13;3297;
Retraso NAS;14;3298;
Retraso Previo;7;3299;
Retraso NAS;27;3300;
Retraso Previo;6;3301;
Retraso NAS;16;3302;
Retraso Compagnia;10;3303;
Retraso NAS;9;3304;
Retraso NAS;236;3305;
Retraso Previo;8;3306;
Retraso Compagnia;24;3307;
Retraso NAS;71;3308;
Retraso Previo;18;3309;
Retraso Compagnia;30;3310;
Retraso NAS;20;3311;
Retraso Compagnia;23;3312;
Retraso Previo;69;3313;
Retraso Compagnia;22;3314;
Retraso NAS;7;3315;
Retraso Compagnia;14;3316;
Retraso NAS;24;3317;
Retraso NAS;30;3318;
Retraso NAS;16;3319;
Retraso Previo;84;3320;
Retraso NAS;68;3321;
Retraso NAS;61;3322;
Retraso NAS;4;3323;
Retraso Previo;39;3324;
Retraso NAS;58;3325;
Retraso Compagnia;14;3326;
Retraso NAS;8;3327;
Retraso Previo;8;3328;
Retraso Compagnia;15;3329;
Retraso NAS;6;3330;
Retraso NAS;20;3331;
Retraso NAS;34;3332;
Retraso Compagnia;147;3333;
Retraso Compagnia;22;3334;
Retraso NAS;20;3335;
Retraso Compagnia;6;3336;
Retraso NAS;18;3337;
Retraso Compagnia;23;3338;
Retraso NAS;15;3339;
Retraso Compagnia;91;3340;
Retraso NAS;1;3341;
Retraso NAS;29;3342;
Retraso NAS;19;3343;
Retraso Compagnia;17;3344;
Retraso NAS;15;3345;
Retraso Compagnia;34;3346;
Retraso Previo;4;3347;
Retraso NAS;19;3348;
Retraso NAS;27;3349;
Retraso NAS;24;3350;
Retraso Compagnia;4;3351;
Retraso NAS;13;3352;
Retraso Previo;14;3353;
Retraso Compagnia;7;3354;
Retraso NAS;25;3355;
Retraso Compagnia;5;3356;
Retraso NAS;7;3357;
Retraso Previo;10;3358;
Retraso Compagnia;58;3359;
Retraso NAS;3;3360;
Retraso Previo;16;3361;
Retraso Compagnia;19;3362;
Retraso NAS;7;3363;
Retraso NAS;2;3364;
Retraso Previo;15;3365;
Retraso Compagnia;22;3366;
Retraso NAS;16;3367;
Retraso Compagnia;20;3368;
Retraso NAS;21;3369;
Retraso NAS;41;3370;
Retraso NAS;24;3371;
Retraso Compagnia;19;3372;
Retraso Previo;1;3373;
Retraso Compagnia;6;3374;
Retraso NAS;20;3375;
Retraso Previo;44;3376;
Retraso NAS;23;3377;
Retraso Compagnia;48;3378;
Retraso NAS;2;3379;
Retraso Compagnia;19;3380;
Retraso NAS;1;3381;
Retraso Compagnia;13;3382;
Retraso Previo;11;3383;
Retraso Compagnia;15;3384;
Retraso NAS;19;3385;
Retraso NAS;17;3386;
Retraso Compagnia;2;3387;
Retraso NAS;12;3388;
Retraso Previo;8;3389;
Retraso Compagnia;11;3390;
Retraso NAS;9;3391;
Retraso Compagnia;29;3392;
Retraso NAS;17;3393;
Retraso Compagnia;31;3394;
Retraso NAS;25;3395;
Retraso Compagnia;14;3396;
Retraso NAS;6;3397;
Retraso Compagnia;51;3398;
Retraso NAS;7;3399;
Retraso Compagnia;114;3400;
Retraso NAS;10;3401;
Retraso Compagnia;49;3402;
Retraso NAS;22;3403;
Retraso NAS;27;3404;
Retraso Previo;63;3405;
Retraso NAS;27;3406;
Retraso Compagnia;6;3407;
Retraso NAS;12;3408;
Retraso Previo;4;3409;
Retraso Compagnia;9;3410;
Retraso NAS;7;3411;
Retraso Compagnia;21;3412;
Retraso NAS;3;3413;
Retraso Previo;37;3414;
Retraso Compagnia;7;3415;
Retraso NAS;28;3416;
Retraso Previo;6;3417;
Retraso NAS;18;3418;
Retraso NAS;20;3419;
Retraso NAS;22;3420;
Retraso Compagnia;40;3421;
Retraso Compagnia;6;3422;
Retraso NAS;16;3423;
Retraso Compagnia;6;3424;
Retraso NAS;12;3425;
Retraso NAS;16;3426;
Retraso Compagnia;11;3427;
Retraso NAS;9;3428;
Retraso Compagnia;16;3429;
Retraso NAS;19;3430;
Retraso Previo;5;3431;
Retraso Compagnia;40;3432;
Retraso NAS;6;3433;
Retraso NAS;15;3434;
Retraso Compagnia;11;3435;
Retraso NAS;7;3436;
Retraso Previo;11;3437;
Retraso NAS;17;3438;
Retraso Previo;6;3439;
Retraso NAS;67;3440;
Retraso NAS;81;3441;
Retraso Compagnia;41;3442;
Retraso NAS;7;3443;
Retraso Compagnia;85;3444;
Retraso NAS;8;3445;
Retraso NAS;26;3446;
Retraso Previo;19;3447;
Retraso Compagnia;17;3448;
Retraso NAS;10;3449;
Retraso Previo;10;3450;
Retraso NAS;16;3451;
Retraso Compagnia;6;3452;
Retraso NAS;9;3453;
Retraso Previo;2;3454;
Retraso Compagnia;74;3455;
Retraso NAS;2;3456;
Retraso NAS;15;3457;
Retraso Previo;12;3458;
Retraso Compagnia;46;3459;
Retraso NAS;17;3460;
Retraso Compagnia;24;3461;
Retraso Compagnia;8;3462;
Retraso NAS;1;3463;
Retraso Previo;12;3464;
Retraso NAS;24;3465;
Retraso Compagnia;17;3466;
Retraso NAS;4;3467;
Retraso Previo;4;3468;
Retraso Compagnia;40;3469;
Retraso NAS;15;3470;
Retraso Compagnia;7;3472;
Retraso NAS;13;3473;
Retraso Compagnia;7;3474;
Retraso NAS;40;3475;
Retraso NAS;22;3476;
Retraso NAS;24;3477;
Retraso Previo;24;3478;
Retraso Previo;32;3479;
Retraso Compagnia;12;3480;
Retraso NAS;22;3481;
Retraso Compagnia;14;3482;
Retraso NAS;17;3483;
Retraso NAS;17;3484;
Retraso Compagnia;11;3485;
Retraso NAS;13;3486;
Retraso NAS;39;3487;
Retraso NAS;34;3488;
Retraso Compagnia;16;3489;
Retraso Compagnia;20;3490;
Retraso Compagnia;23;3491;
Retraso NAS;17;3492;
Retraso NAS;16;3493;
Retraso NAS;19;3494;
Retraso Compagnia;10;3495;
Retraso Previo;11;3496;
Retraso NAS;9;3497;
Retraso Previo;10;3498;
Retraso Compagnia;48;3499;
Retraso NAS;1;3500;
Retraso NAS;18;3501;
Retraso Compagnia;39;3502;
Retraso NAS;29;3503;
Retraso Compagnia;11;3504;
Retraso NAS;9;3505;
Retraso NAS;27;3506;
Retraso NAS;25;3507;
Retraso NAS;3;3508;
Retraso Previo;17;3509;
Retraso NAS;15;3510;
Retraso Previo;28;3511;
Retraso Compagnia;79;3512;
Retraso NAS;29;3514;
Retraso NAS;18;3515;
Retraso Compagnia;3;3516;
Retraso Previo;38;3517;
Retraso NAS;18;3518;
Retraso Previo;99;3519;
Retraso NAS;16;3520;
Retraso Compagnia;55;3521;
Retraso Previo;28;3522;
Retraso Compagnia;197;3523;
Retraso Previo;18;3524;
Retraso Compagnia;1;3525;
Retraso NAS;2;3526;
Retraso Previo;14;3527;
Retraso Compagnia;23;3528;
Retraso Meteorologico;169;3529;
Retraso NAS;27;3530;
Retraso Previo;146;3531;
Retraso NAS;2;3532;
Retraso Previo;20;3533;
Retraso Compagnia;15;3534;
Retraso Compagnia;34;3535;
Retraso NAS;8;3536;
Retraso Previo;7;3537;
Retraso Compagnia;16;3538;
Retraso NAS;8;3539;
Retraso Previo;52;3540;
Retraso Compagnia;26;3541;
Retraso NAS;3;3542;
Retraso Previo;17;3543;
Retraso NAS;30;3544;
Retraso Compagnia;16;3545;
Retraso NAS;23;3546;
Retraso NAS;37;3547;
Retraso Compagnia;22;3548;
Retraso NAS;102;3549;
Retraso NAS;2;3550;
Retraso Previo;24;3551;
Retraso NAS;18;3552;
Retraso Previo;29;3553;
Retraso NAS;34;3554;
Retraso NAS;15;3555;
Retraso Previo;17;3556;
Retraso Compagnia;13;3557;
Retraso NAS;8;3558;
Retraso Previo;5;3559;
Retraso NAS;26;3560;
Retraso NAS;8;3562;
Retraso Previo;44;3563;
Retraso Compagnia;28;3564;
Retraso Previo;89;3565;
Retraso NAS;17;3566;
Retraso Compagnia;14;3567;
Retraso NAS;3;3568;
Retraso NAS;24;3569;
Retraso NAS;15;3570;
Retraso Meteorologico;14;3571;
Retraso NAS;7;3572;
Retraso Compagnia;62;3573;
Retraso NAS;5;3574;
Retraso Compagnia;18;3575;
Retraso NAS;108;3576;
Retraso NAS;15;3577;
Retraso NAS;17;3578;
Retraso Compagnia;74;3579;
Retraso Compagnia;8;3580;
Retraso NAS;7;3581;
Retraso Previo;14;3582;
Retraso NAS;16;3583;
Retraso NAS;19;3584;
Retraso NAS;1;3585;
Retraso Previo;42;3586;
Retraso NAS;16;3587;
Retraso Compagnia;426;3588;
Retraso Compagnia;15;3590;
Retraso NAS;4;3591;
Retraso NAS;39;3592;
Retraso Compagnia;52;3593;
Retraso NAS;21;3595;
Retraso NAS;24;3596;
Retraso NAS;25;3597;
Retraso NAS;19;3598;
Retraso NAS;28;3599;
Retraso NAS;16;3600;
Retraso NAS;18;3601;
Retraso Compagnia;9;3602;
Retraso Previo;12;3603;
Retraso NAS;22;3604;
Retraso NAS;15;3605;
Retraso NAS;44;3606;
Retraso NAS;5;3607;
Retraso Previo;15;3608;
Retraso NAS;2;3609;
Retraso Previo;41;3610;
Retraso Previo;50;3611;
Retraso NAS;20;3612;
Retraso NAS;31;3613;
Retraso NAS;25;3615;
Retraso Compagnia;34;3616;
Retraso NAS;11;3619;
Retraso Previo;13;3620;
Retraso Compagnia;23;3621;
Retraso NAS;15;3626;
Retraso NAS;32;3627;
Retraso Previo;239;3629;
Retraso Compagnia;46;3632;
Retraso NAS;9;3633;
Retraso NAS;18;3634;
Retraso NAS;27;3636;
Retraso Compagnia;82;3639;
Retraso NAS;2;3640;
Retraso Compagnia;32;3641;
Retraso NAS;2;3642;
Retraso NAS;7;3643;
Retraso Previo;16;3644;
Retraso Compagnia;14;3645;
Retraso Previo;1;3646;
Retraso Previo;16;3647;
Retraso NAS;42;3648;
Retraso NAS;10;3649;
Retraso Previo;17;3650;
Retraso NAS;18;3651;
Retraso Previo;17;3652;
Retraso NAS;20;3653;
Retraso Compagnia;9;3654;
Retraso NAS;7;3655;
Retraso Compagnia;34;3656;
Retraso NAS;3;3657;
Retraso NAS;8;3658;
Retraso Previo;8;3659;
Retraso NAS;22;3660;
Retraso Compagnia;21;3661;
Retraso NAS;1;3662;
Retraso NAS;17;3663;
Retraso NAS;20;3664;
Retraso NAS;16;3665;
Retraso Compagnia;50;3666;
Retraso NAS;3;3667;
Retraso NAS;16;3668;
Retraso Compagnia;272;3669;
Retraso NAS;43;3671;
Retraso Compagnia;1;3672;
Retraso Previo;23;3673;
Retraso Compagnia;200;3674;
Retraso NAS;16;3675;
Retraso Previo;25;3676;
Retraso Compagnia;1;3677;
Retraso NAS;8;3678;
Retraso Previo;11;3679;
Retraso Compagnia;7;3680;
Retraso NAS;11;3681;
Retraso Previo;26;3682;
Retraso Compagnia;10;3683;
Retraso NAS;19;3684;
Retraso NAS;16;3685;
Retraso Compagnia;9;3686;
Retraso NAS;12;3687;
Retraso Previo;29;3688;
Retraso NAS;17;3689;
Retraso NAS;31;3690;
Retraso Compagnia;9;3691;
Retraso NAS;9;3692;
Retraso Compagnia;115;3693;
Retraso NAS;33;3694;
Retraso Previo;35;3695;
Retraso NAS;19;3696;
Retraso Compagnia;1;3697;
Retraso Previo;14;3698;
Retraso Compagnia;17;3699;
Retraso NAS;3;3700;
Retraso Compagnia;79;3701;
Retraso NAS;42;3702;
Retraso Previo;11;3703;
Retraso NAS;18;3704;
Retraso Previo;357;3705;
Retraso NAS;26;3706;
Retraso Compagnia;10;3707;
Retraso Previo;7;3708;
Retraso Compagnia;135;3709;
Retraso Compagnia;65;3710;
Retraso Compagnia;5;3711;
Retraso NAS;72;3712;
Retraso Previo;65;3713;
Retraso Compagnia;7;3714;
Retraso NAS;27;3715;
Retraso Previo;9;3716;
Retraso Compagnia;2;3717;
Retraso Previo;93;3718;
Retraso Compagnia;19;3719;
Retraso NAS;7;3720;
Retraso Compagnia;8;3721;
Retraso NAS;19;3722;
Retraso NAS;10;3723;
Retraso Previo;23;3724;
Retraso NAS;31;3725;
Retraso NAS;15;3726;
Retraso Previo;22;3727;
Retraso Previo;15;3728;
Retraso NAS;5;3729;
Retraso Previo;13;3730;
Retraso NAS;13;3731;
Retraso Previo;8;3732;
Retraso Compagnia;21;3733;
Retraso NAS;14;3734;
Retraso Previo;21;3735;
Retraso Previo;48;3736;
Retraso Previo;20;3737;
Retraso Compagnia;22;3738;
Retraso Compagnia;25;3739;
Retraso NAS;12;3740;
Retraso Compagnia;10;3741;
Retraso NAS;6;3742;
Retraso Previo;19;3743;
Retraso Compagnia;12;3744;
Retraso Previo;3;3745;
Retraso Compagnia;77;3746;
Retraso NAS;27;3747;
Retraso Previo;15;3748;
Retraso Compagnia;14;3749;
Retraso NAS;8;3750;
Retraso NAS;29;3751;
Retraso Compagnia;13;3752;
Retraso NAS;25;3753;
Retraso NAS;20;3754;
Retraso Compagnia;9;3755;
Retraso NAS;71;3756;
Retraso Compagnia;128;3757;
Retraso Previo;10;3758;
Retraso Compagnia;64;3759;
Retraso Compagnia;150;3760;
Retraso NAS;30;3761;
Retraso NAS;20;3762;
Retraso Compagnia;92;3763;
Retraso Compagnia;18;3764;
Retraso NAS;8;3765;
Retraso NAS;8;3766;
Retraso Previo;7;3767;
Retraso Compagnia;60;3768;
Retraso NAS;18;3769;
Retraso Compagnia;22;3770;
Retraso NAS;7;3771;
Retraso NAS;2;3772;
Retraso Previo;20;3773;
Retraso Compagnia;14;3774;
Retraso NAS;4;3775;
Retraso NAS;25;3776;
Retraso Compagnia;13;3777;
Retraso NAS;9;3778;
Retraso Compagnia;5;3779;
Retraso Previo;15;3780;
Retraso NAS;15;3781;
Retraso Compagnia;40;3782;
Retraso NAS;20;3783;
Retraso NAS;23;3784;
Retraso NAS;17;3785;
Retraso NAS;18;3786;
Retraso NAS;15;3787;
Retraso Compagnia;10;3788;
Retraso NAS;15;3789;
Retraso Previo;46;3790;
Retraso Compagnia;18;3791;
Retraso NAS;6;3792;
Retraso NAS;43;3793;
Retraso NAS;26;3794;
Retraso Compagnia;16;3795;
Retraso Previo;12;3796;
Retraso Compagnia;12;3797;
Retraso NAS;12;3798;
Retraso Compagnia;23;3799;
Retraso NAS;2;3800;
Retraso Previo;32;3801;
Retraso NAS;24;3802;
Retraso Compagnia;6;3803;
Retraso NAS;5;3804;
Retraso Previo;7;3805;
Retraso Compagnia;25;3806;
Retraso NAS;7;3807;
Retraso Compagnia;22;3808;
Retraso NAS;2;3809;
Retraso Previo;16;3810;
Retraso NAS;29;3811;
Retraso NAS;30;3812;
Retraso Compagnia;31;3813;
Retraso NAS;1;3814;
Retraso Previo;21;3815;
Retraso NAS;17;3816;
Retraso NAS;4;3817;
Retraso Previo;13;3818;
Retraso Compagnia;25;3819;
Retraso NAS;2;3820;
Retraso NAS;9;3821;
Retraso Previo;11;3822;
Retraso NAS;15;3824;
Retraso NAS;17;3825;
Retraso NAS;1;3826;
Retraso Previo;14;3827;
Retraso Compagnia;50;3828;
Retraso Compagnia;72;3829;
Retraso NAS;2;3830;
Retraso Compagnia;11;3831;
Retraso NAS;18;3832;
Retraso Previo;18;3833;
Retraso NAS;15;3834;
Retraso NAS;18;3835;
Retraso Compagnia;58;3836;
Retraso NAS;12;3837;
Retraso NAS;16;3838;
Retraso Compagnia;33;3839;
Retraso NAS;25;3840;
Retraso NAS;7;3841;
Retraso Previo;14;3842;
Retraso NAS;37;3844;
Retraso Compagnia;10;3845;
Retraso NAS;11;3846;
Retraso NAS;17;3847;
Retraso Compagnia;175;3848;
Retraso Compagnia;144;3849;
Retraso Compagnia;36;3850;
Retraso Compagnia;81;3851;
Retraso NAS;4;3852;
Retraso Previo;21;3853;
Retraso Compagnia;48;3854;
Retraso NAS;4;3855;
Retraso Compagnia;12;3856;
Retraso NAS;7;3857;
Retraso Previo;3;3858;
Retraso NAS;15;3859;
Retraso Compagnia;6;3860;
Retraso NAS;19;3861;
Retraso NAS;10;3862;
Retraso Previo;9;3863;
Retraso Compagnia;15;3864;
Retraso Previo;16;3865;
Retraso Compagnia;11;3866;
Retraso NAS;4;3867;
Retraso Compagnia;31;3868;
Retraso Compagnia;128;3869;
Retraso NAS;27;3870;
Retraso Compagnia;3;3871;
Retraso NAS;22;3872;
Retraso Previo;10;3873;
Retraso NAS;19;3874;
Retraso Compagnia;19;3875;
Retraso Previo;19;3876;
Retraso NAS;6;3877;
Retraso Previo;9;3878;
Retraso NAS;22;3879;
Retraso Previo;10;3880;
Retraso NAS;21;3881;
Retraso Compagnia;3;3882;
Retraso NAS;1;3883;
Retraso Previo;11;3884;
Retraso Compagnia;46;3885;
Retraso Previo;12;3886;
Retraso NAS;11;3887;
Retraso Previo;16;3888;
Retraso Compagnia;15;3889;
Retraso Previo;7;3890;
Retraso Compagnia;20;3891;
Retraso NAS;4;3892;
Retraso Previo;10;3893;
Retraso Compagnia;29;3894;
Retraso NAS;8;3895;
Retraso Compagnia;170;3896;
Retraso NAS;5;3897;
Retraso NAS;16;3898;
Retraso Compagnia;26;3899;
Retraso NAS;3;3900;
Retraso NAS;16;3901;
Retraso Previo;161;3902;
Retraso Compagnia;11;3903;
Retraso NAS;10;3904;
Retraso Previo;1;3905;
Retraso NAS;18;3906;
Retraso Compagnia;102;3907;
Retraso Compagnia;23;3908;
Retraso Compagnia;17;3909;
Retraso NAS;5;3910;
Retraso Compagnia;19;3911;
Retraso NAS;7;3912;
Retraso NAS;17;3913;
Retraso Compagnia;31;3914;
Retraso NAS;28;3915;
Retraso Compagnia;15;3916;
Retraso NAS;13;3917;
Retraso NAS;4;3918;
Retraso Previo;27;3919;
Retraso NAS;19;3920;
Retraso Compagnia;1;3921;
Retraso NAS;18;3922;
Retraso Previo;18;3923;
Retraso NAS;38;3924;
Retraso Compagnia;80;3925;
Retraso NAS;5;3926;
Retraso NAS;24;3927;
Retraso Compagnia;24;3928;
Retraso NAS;29;3929;
Retraso Compagnia;79;3930;
Retraso NAS;15;3931;
Retraso Compagnia;70;3932;
Retraso Compagnia;205;3933;
Retraso Compagnia;70;3934;
Retraso NAS;14;3935;
Retraso NAS;26;3936;
Retraso NAS;17;3937;
Retraso NAS;19;3938;
Retraso Previo;13;3939;
Retraso NAS;28;3940;
Retraso NAS;23;3941;
Retraso NAS;67;3943;
Retraso NAS;2;3944;
Retraso Previo;68;3945;
Retraso NAS;17;3946;
Retraso Compagnia;24;3947;
Retraso NAS;18;3948;
Retraso NAS;23;3949;
Retraso NAS;25;3950;
Retraso Compagnia;37;3951;
Retraso NAS;6;3952;
Retraso Compagnia;18;3953;
Retraso NAS;14;3954;
Retraso Previo;16;3955;
Retraso NAS;18;3956;
Retraso NAS;18;3957;
Retraso NAS;31;3958;
Retraso Previo;35;3959;
Retraso NAS;15;3960;
Retraso NAS;17;3961;
Retraso NAS;41;3962;
Retraso NAS;16;3963;
Retraso NAS;16;3964;
Retraso Compagnia;3;3965;
Retraso NAS;21;3966;
Retraso Previo;15;3967;
Retraso Compagnia;8;3968;
Retraso NAS;9;3969;
Retraso Compagnia;18;3970;
Retraso NAS;23;3971;
Retraso NAS;29;3972;
Retraso Compagnia;3;3973;
Retraso Previo;26;3974;
Retraso Compagnia;14;3978;
Retraso NAS;18;3979;
Retraso Compagnia;10;3980;
Retraso NAS;3;3981;
Retraso Previo;32;3982;
Retraso Previo;27;3983;
Retraso NAS;3;3984;
Retraso Previo;22;3985;
Retraso Compagnia;15;3986;
Retraso Meteorologico;7;3987;
Retraso Previo;1;3988;
Retraso NAS;2;3989;
Retraso Previo;18;3990;
Retraso Compagnia;17;3991;
Retraso NAS;15;3992;
Retraso Previo;17;3993;
Retraso NAS;16;3994;
Retraso Previo;10;3995;
Retraso Previo;16;3996;
Retraso Compagnia;27;3997;
Retraso NAS;5;3998;
Retraso Compagnia;62;4000;
Retraso Previo;59;4001;
Retraso Previo;22;4002;
Retraso Compagnia;11;4003;
Retraso NAS;11;4004;
Retraso Previo;35;4005;
Retraso Compagnia;4;4006;
Retraso NAS;13;4007;
Retraso Previo;126;4008;
Retraso Previo;16;4009;
Retraso Previo;27;4010;
Retraso Compagnia;17;4011;
Retraso NAS;20;4012;
Retraso Previo;7;4013;
Retraso Compagnia;1;4014;
Retraso NAS;9;4015;
Retraso Previo;22;4016;
Retraso NAS;1;4017;
Retraso Previo;28;4018;
Retraso Compagnia;128;4019;
Retraso Compagnia;8;4021;
Retraso NAS;8;4022;
Retraso Previo;8;4023;
Retraso Compagnia;22;4024;
Retraso NAS;21;4025;
Retraso Compagnia;66;4026;
Retraso NAS;4;4027;
Retraso Compagnia;11;4028;
Retraso Previo;6;4029;
Retraso Compagnia;90;4030;
Retraso NAS;4;4031;
Retraso Previo;2;4032;
Retraso Compagnia;69;4033;
Retraso Previo;16;4034;
Retraso Previo;92;4035;
Retraso NAS;7;4036;
Retraso Previo;57;4037;
Retraso NAS;21;4038;
Retraso NAS;3;4039;
Retraso Previo;13;4040;
Retraso Compagnia;96;4041;
Retraso Previo;77;4042;
Retraso Compagnia;54;4043;
Retraso Previo;30;4044;
Retraso NAS;28;4045;
Retraso NAS;21;4046;
Retraso Compagnia;33;4047;
Retraso Previo;27;4048;
Retraso Previo;198;4049;
Retraso Previo;32;4050;
Retraso Compagnia;4;4051;
Retraso NAS;11;4052;
Retraso Previo;3;4053;
Retraso Previo;16;4054;
Retraso Previo;22;4055;
Retraso NAS;15;4056;
Retraso Compagnia;85;4057;
Retraso NAS;1;4058;
Retraso NAS;19;4059;
Retraso Compagnia;6;4060;
Retraso NAS;9;4061;
Retraso Compagnia;8;4062;
Retraso NAS;32;4063;
Retraso Previo;18;4064;
Retraso Compagnia;204;4066;
Retraso Previo;19;4067;
Retraso Compagnia;8;4068;
Retraso Previo;11;4069;
Retraso NAS;7;4070;
Retraso Previo;17;4071;
Retraso NAS;32;4072;
Retraso NAS;33;4073;
Retraso Meteorologico;57;4074;
Retraso Previo;23;4075;
Retraso Previo;28;4076;
Retraso NAS;6;4077;
Retraso Previo;25;4078;
Retraso NAS;10;4079;
Retraso Previo;15;4080;
Retraso Compagnia;13;4081;
Retraso NAS;5;4082;
Retraso Compagnia;44;4083;
Retraso Compagnia;3;4084;
Retraso NAS;2;4085;
Retraso Previo;12;4086;
Retraso NAS;25;4087;
Retraso Compagnia;61;4088;
Retraso Previo;25;4089;
Retraso Compagnia;16;4090;
Retraso NAS;17;4091;
Retraso NAS;15;4092;
Retraso Compagnia;3;4093;
Retraso Previo;13;4094;
Retraso Compagnia;10;4095;
Retraso NAS;12;4096;
Retraso Previo;17;4097;
Retraso NAS;5;4098;
Retraso Previo;20;4099;
Retraso Compagnia;119;4100;
Retraso NAS;26;4101;
Retraso Compagnia;9;4102;
Retraso NAS;10;4103;
Retraso NAS;16;4104;
Retraso Compagnia;20;4105;
Retraso NAS;23;4106;
Retraso NAS;39;4107;
Retraso Previo;22;4108;
Retraso NAS;18;4109;
Retraso Compagnia;6;4110;
Retraso NAS;15;4111;
Retraso Previo;8;4112;
Retraso Previo;18;4113;
Retraso Compagnia;115;4114;
Retraso Previo;101;4115;
Retraso Compagnia;25;4116;
Retraso NAS;16;4117;
Retraso NAS;15;4118;
Retraso Compagnia;15;4119;
Retraso NAS;25;4120;
Retraso Compagnia;22;4121;
Retraso NAS;11;4122;
Retraso Previo;30;4123;
Retraso Previo;42;4124;
Retraso Compagnia;12;4126;
Retraso NAS;3;4127;
Retraso Compagnia;2;4128;
Retraso NAS;17;4129;
Retraso NAS;24;4130;
Retraso NAS;7;4131;
Retraso Previo;20;4132;
Retraso Compagnia;8;4133;
Retraso NAS;7;4134;
Retraso Compagnia;231;4135;
Retraso NAS;8;4136;
Retraso NAS;16;4137;
Retraso NAS;33;4138;
Retraso NAS;29;4139;
Retraso Previo;18;4140;
Retraso Compagnia;1;4141;
Retraso NAS;8;4142;
Retraso Previo;9;4143;
Retraso Meteorologico;23;4144;
Retraso NAS;15;4145;
Retraso NAS;14;4147;
Retraso Previo;47;4148;
Retraso Compagnia;1;4149;
Retraso NAS;18;4150;
Retraso NAS;28;4151;
Retraso Compagnia;27;4152;
Retraso NAS;16;4153;
Retraso Compagnia;48;4154;
Retraso Compagnia;150;4155;
Retraso Previo;141;4156;
Retraso Compagnia;25;4157;
Retraso NAS;1;4158;
Retraso Previo;5;4159;
Retraso Previo;90;4160;
Retraso NAS;7;4161;
Retraso Previo;18;4162;
Retraso Compagnia;5;4163;
Retraso NAS;23;4164;
Retraso NAS;8;4165;
Retraso Previo;17;4166;
Retraso Compagnia;126;4167;
Retraso Previo;4;4168;
Retraso NAS;2;4169;
Retraso Previo;122;4170;
Retraso Compagnia;5;4171;
Retraso NAS;11;4172;
Retraso Compagnia;42;4173;
Retraso Meteorologico;5;4174;
Retraso Previo;31;4175;
Retraso Previo;56;4176;
Retraso Compagnia;69;4177;
Retraso NAS;18;4178;
Retraso NAS;22;4179;
Retraso Compagnia;39;4180;
Retraso Compagnia;28;4181;
Retraso NAS;10;4182;
Retraso Previo;6;4183;
Retraso NAS;20;4184;
Retraso Compagnia;77;4185;
Retraso Compagnia;50;4186;
Retraso Previo;55;4187;
Retraso Compagnia;37;4188;
Retraso Previo;8;4189;
Retraso Previo;88;4190;
Retraso Previo;18;4191;
Retraso NAS;17;4192;
Retraso Previo;60;4193;
Retraso Compagnia;66;4194;
Retraso Meteorologico;35;4195;
Retraso NAS;20;4196;
Retraso NAS;11;4197;
Retraso Previo;4;4198;
Retraso Compagnia;3;4199;
Retraso NAS;7;4200;
Retraso Previo;103;4201;
Retraso NAS;17;4202;
Retraso NAS;17;4203;
Retraso Compagnia;9;4204;
Retraso NAS;16;4205;
Retraso Previo;21;4206;
Retraso Compagnia;5;4207;
Retraso NAS;23;4208;
Retraso Compagnia;11;4209;
Retraso NAS;4;4210;
Retraso Compagnia;13;4211;
Retraso NAS;17;4212;
Retraso Previo;1;4213;
Retraso Previo;19;4214;
Retraso NAS;16;4215;
Retraso NAS;28;4216;
Retraso NAS;89;4217;
Retraso NAS;15;4218;
Retraso Compagnia;9;4219;
Retraso NAS;11;4220;
Retraso Previo;23;4221;
Retraso Compagnia;16;4222;
Retraso Previo;31;4223;
Retraso Compagnia;10;4224;
Retraso Previo;13;4225;
Retraso Compagnia;8;4226;
Retraso NAS;24;4227;
Retraso NAS;22;4228;
Retraso NAS;18;4229;
Retraso Compagnia;35;4230;
Retraso NAS;3;4231;
Retraso Previo;8;4232;
Retraso Compagnia;163;4233;
Retraso NAS;16;4234;
Retraso Compagnia;17;4235;
Retraso NAS;5;4236;
Retraso Previo;5;4237;
Retraso NAS;18;4238;
Retraso Meteorologico;34;4239;
Retraso Compagnia;13;4240;
Retraso NAS;15;4241;
Retraso Compagnia;62;4242;
Retraso NAS;8;4243;
Retraso Previo;49;4244;
Retraso Previo;21;4245;
Retraso Previo;105;4246;
Retraso Meteorologico;83;4247;
Retraso Compagnia;80;4248;
Retraso NAS;1;4249;
Retraso NAS;7;4250;
Retraso Previo;63;4251;
Retraso Compagnia;57;4252;
Retraso NAS;53;4253;
Retraso Compagnia;34;4254;
Retraso Compagnia;412;4255;
Retraso NAS;11;4256;
Retraso NAS;6;4257;
Retraso Previo;9;4258;
Retraso NAS;7;4259;
Retraso Previo;10;4260;
Retraso NAS;27;4261;
Retraso NAS;15;4262;
Retraso Compagnia;1;4263;
Retraso Previo;15;4264;
Retraso NAS;15;4265;
Retraso Previo;42;4266;
Retraso Compagnia;4;4267;
Retraso NAS;8;4268;
Retraso Previo;12;4269;
Retraso Compagnia;10;4271;
Retraso Previo;20;4272;
Retraso Previo;16;4273;
Retraso Previo;130;4274;
Retraso NAS;17;4275;
Retraso Compagnia;3;4276;
Retraso NAS;3;4277;
Retraso Previo;15;4278;
Retraso Compagnia;18;4279;
Retraso Previo;26;4280;
Retraso Previo;19;4281;
Retraso NAS;24;4282;
Retraso Compagnia;44;4283;
Retraso NAS;11;4284;
Retraso NAS;5;4285;
Retraso Previo;39;4286;
Retraso Previo;33;4287;
Retraso Compagnia;267;4288;
Retraso Compagnia;12;4289;
Retraso NAS;8;4290;
Retraso Previo;1;4291;
Retraso NAS;15;4292;
Retraso NAS;17;4293;
Retraso Compagnia;8;4294;
Retraso NAS;2;4295;
Retraso Previo;14;4296;
Retraso Compagnia;17;4297;
Retraso NAS;5;4298;
Retraso NAS;15;4299;
Retraso NAS;28;4300;
Retraso NAS;20;4301;
Retraso Previo;25;4302;
Retraso Previo;25;4303;
Retraso Compagnia;69;4304;
Retraso NAS;10;4305;
Retraso Previo;68;4306;
Retraso Previo;17;4307;
Retraso Compagnia;13;4308;
Retraso Previo;11;4309;
Retraso Compagnia;54;4310;
Retraso NAS;3;4311;
Retraso Compagnia;20;4312;
Retraso NAS;15;4313;
Retraso Compagnia;45;4314;
Retraso Compagnia;100;4315;
Retraso NAS;5;4316;
Retraso Previo;5;4317;
Retraso Compagnia;19;4318;
Retraso Previo;31;4319;
Retraso Compagnia;60;4320;
Retraso NAS;1;4321;
Retraso Previo;2;4322;
Retraso NAS;17;4323;
Retraso Previo;26;4324;
Retraso Compagnia;59;4325;
Retraso NAS;4;4326;
Retraso NAS;3;4327;
Retraso Previo;59;4328;
Retraso Compagnia;1;4329;
Retraso NAS;14;4330;
Retraso Compagnia;65;4331;
Retraso Previo;10;4332;
Retraso Previo;50;4333;
Retraso Compagnia;19;4334;
Retraso Previo;16;4335;
Retraso Compagnia;24;4336;
Retraso Compagnia;66;4337;
Retraso NAS;19;4338;
Retraso Previo;42;4339;
Retraso NAS;4;4340;
Retraso Previo;88;4341;
Retraso NAS;15;4342;
Retraso NAS;15;4343;
Retraso NAS;7;4344;
Retraso Previo;53;4345;
Retraso NAS;31;4346;
Retraso Compagnia;15;4347;
Retraso NAS;11;4348;
Retraso NAS;42;4349;
Retraso Compagnia;20;4350;
Retraso Previo;15;4351;
Retraso NAS;19;4352;
Retraso Meteorologico;26;4353;
Retraso NAS;12;4354;
Retraso NAS;19;4355;
Retraso Compagnia;60;4356;
Retraso Previo;60;4357;
Retraso NAS;24;4358;
Retraso Previo;27;4359;
Retraso NAS;3;4360;
Retraso Previo;49;4361;
Retraso NAS;7;4362;
Retraso Previo;25;4363;
Retraso Previo;25;4364;
Retraso Compagnia;12;4365;
Retraso NAS;6;4366;
Retraso Previo;8;4367;
Retraso NAS;16;4368;
Retraso Compagnia;37;4369;
Retraso NAS;18;4370;
Retraso Compagnia;5;4371;
Retraso NAS;20;4372;
Retraso Previo;21;4373;
Retraso Compagnia;10;4374;
Retraso NAS;21;4375;
Retraso NAS;30;4376;
Retraso NAS;22;4377;
Retraso NAS;2;4378;
Retraso Previo;21;4379;
Retraso Previo;99;4380;
Retraso NAS;21;4381;
Retraso Compagnia;31;4382;
Retraso Meteorologico;52;4383;
Retraso NAS;5;4384;
Retraso Compagnia;27;4385;
Retraso Meteorologico;37;4386;
Retraso NAS;1;4387;
Retraso Previo;52;4388;
Retraso Previo;123;4389;
Retraso NAS;17;4390;
Retraso Compagnia;14;4391;
Retraso NAS;10;4392;
Retraso Previo;8;4393;
Retraso Previo;24;4394;
Retraso Previo;28;4395;
Retraso NAS;9;4396;
Retraso Previo;10;4397;
Retraso Compagnia;52;4398;
Retraso NAS;6;4399;
Retraso Compagnia;10;4400;
Retraso NAS;16;4401;
Retraso Compagnia;28;4402;
Retraso Previo;19;4403;
Retraso Compagnia;13;4404;
Retraso NAS;14;4405;
Retraso Previo;33;4406;
Retraso NAS;15;4407;
Retraso Compagnia;5;4408;
Retraso NAS;12;4409;
Retraso NAS;18;4410;
Retraso NAS;30;4411;
Retraso Compagnia;12;4412;
Retraso NAS;8;4413;
Retraso Compagnia;7;4414;
Retraso NAS;9;4415;
Retraso Compagnia;1;4416;
Retraso NAS;29;4417;
Retraso NAS;31;4418;
Retraso Compagnia;5;4419;
Retraso NAS;30;4420;
Retraso Compagnia;20;4421;
Retraso NAS;8;4422;
Retraso Compagnia;22;4423;
Retraso NAS;2;4424;
Retraso Compagnia;75;4425;
Retraso Previo;13;4426;
Retraso Previo;75;4427;
Retraso Previo;19;4428;
Retraso NAS;26;4429;
Retraso Compagnia;13;4430;
Retraso NAS;17;4431;
Retraso NAS;29;4432;
Retraso NAS;529;4433;
Retraso Compagnia;1;4434;
Retraso Previo;26;4435;
Retraso NAS;5;4436;
Retraso Previo;20;4437;
Retraso Compagnia;22;4438;
Retraso NAS;7;4439;
Retraso NAS;4;4440;
Retraso Previo;14;4441;
Retraso Previo;49;4442;
Retraso Compagnia;44;4443;
Retraso Previo;19;4444;
Retraso Compagnia;8;4445;
Retraso NAS;6;4446;
Retraso Previo;13;4447;
Retraso Compagnia;41;4448;
Retraso NAS;25;4449;
Retraso NAS;22;4451;
Retraso NAS;17;4452;
Retraso Compagnia;77;4453;
Retraso NAS;7;4454;
Retraso NAS;18;4455;
Retraso Compagnia;15;4456;
Retraso NAS;29;4457;
Retraso Previo;52;4458;
Retraso Compagnia;6;4459;
Retraso NAS;22;4460;
Retraso Previo;16;4461;
Retraso Compagnia;41;4462;
Retraso Compagnia;18;4463;
Retraso NAS;4;4464;
Retraso Previo;14;4465;
Retraso Compagnia;9;4466;
Retraso NAS;1;4467;
Retraso Previo;8;4468;
Retraso Compagnia;31;4469;
Retraso Meteorologico;8;4470;
Retraso NAS;23;4471;
Retraso Previo;21;4472;
Retraso NAS;12;4473;
Retraso Previo;5;4474;
Retraso Compagnia;15;4475;
Retraso NAS;8;4476;
Retraso NAS;18;4477;
Retraso NAS;11;4478;
Retraso Previo;41;4479;
Retraso Previo;34;4480;
Retraso Compagnia;38;4481;
Retraso NAS;1;4482;
Retraso NAS;5;4483;
Retraso Previo;26;4484;
Retraso NAS;16;4485;
Retraso NAS;22;4486;
Retraso Compagnia;6;4487;
Retraso NAS;19;4488;
Retraso Compagnia;16;4489;
Retraso NAS;13;4490;
Retraso Compagnia;347;4491;
Retraso Previo;52;4492;
Retraso Previo;50;4493;
Retraso Compagnia;12;4494;
Retraso NAS;12;4495;
Retraso Previo;7;4496;
Retraso NAS;82;4497;
Retraso NAS;16;4498;
Retraso Compagnia;5;4499;
Retraso NAS;6;4500;
Retraso Previo;23;4501;
Retraso Previo;26;4502;
Retraso Compagnia;2;4503;
Retraso NAS;21;4504;
Retraso Previo;21;4505;
Retraso Compagnia;12;4506;
Retraso Previo;6;4507;
Retraso Compagnia;98;4508;
Retraso Compagnia;48;4509;
Retraso Meteorologico;9;4510;
Retraso NAS;13;4511;
Retraso Compagnia;11;4512;
Retraso NAS;10;4513;
Retraso Previo;9;4514;
Retraso Compagnia;10;4515;
Retraso NAS;9;4516;
Retraso NAS;18;4517;
Retraso Previo;28;4518;
Retraso Previo;62;4519;
Retraso Previo;25;4520;
Retraso Compagnia;28;4521;
Retraso NAS;18;4522;
Retraso NAS;32;4523;
Retraso NAS;22;4524;
Retraso Previo;25;4525;
Retraso Previo;73;4526;
Retraso NAS;15;4527;
Retraso Compagnia;6;4528;
Retraso NAS;24;4529;
Retraso Previo;87;4530;
Retraso Previo;39;4531;
Retraso Compagnia;9;4532;
Retraso NAS;17;4533;
Retraso NAS;34;4534;
Retraso Compagnia;5;4535;
Retraso NAS;8;4536;
Retraso Previo;21;4537;
Retraso NAS;6;4538;
Retraso Previo;17;4539;
Retraso NAS;4;4540;
Retraso Previo;12;4541;
Retraso Compagnia;11;4542;
Retraso NAS;18;4543;
Retraso Previo;82;4544;
Retraso Compagnia;23;4545;
Retraso NAS;17;4546;
Retraso Compagnia;29;4547;
Retraso Compagnia;5;4548;
Retraso NAS;25;4549;
Retraso Previo;58;4550;
Retraso NAS;46;4551;
Retraso Compagnia;139;4552;
Retraso Compagnia;26;4553;
Retraso NAS;8;4554;
Retraso Previo;10;4555;
Retraso Compagnia;109;4556;
Retraso Previo;5;4557;
Retraso Compagnia;7;4558;
Retraso NAS;13;4559;
Retraso Previo;19;4560;
Retraso Compagnia;2;4561;
Retraso NAS;21;4562;
Retraso Compagnia;21;4563;
Retraso Previo;16;4564;
Retraso NAS;16;4565;
Retraso Compagnia;6;4566;
Retraso NAS;26;4567;
Retraso Compagnia;2;4568;
Retraso NAS;3;4569;
Retraso Previo;12;4570;
Retraso Compagnia;7;4571;
Retraso NAS;9;4572;
Retraso Previo;3;4573;
Retraso NAS;17;4574;
Retraso NAS;22;4575;
Retraso Compagnia;8;4576;
Retraso Previo;27;4577;
Retraso Compagnia;199;4578;
Retraso Previo;30;4579;
Retraso NAS;33;4580;
Retraso Previo;20;4581;
Retraso Previo;16;4582;
Retraso NAS;2;4583;
Retraso Previo;16;4584;
Retraso Compagnia;32;4585;
Retraso Previo;12;4586;
Retraso Previo;21;4587;
Retraso Compagnia;26;4588;
Retraso NAS;2;4589;
Retraso Previo;39;4590;
Retraso Compagnia;12;4591;
Retraso NAS;8;4592;
Retraso NAS;17;4593;
Retraso Previo;42;4594;
Retraso NAS;31;4595;
Retraso NAS;7;4596;
Retraso Previo;9;4597;
Retraso Compagnia;20;4598;
Retraso NAS;22;4599;
Retraso NAS;16;4600;
Retraso Compagnia;1;4601;
Retraso NAS;22;4602;
Retraso Compagnia;6;4603;
Retraso NAS;14;4604;
Retraso Compagnia;9;4605;
Retraso NAS;46;4606;
Retraso Previo;2;4607;
Retraso NAS;23;4608;
Retraso NAS;15;4609;
Retraso Compagnia;11;4610;
Retraso NAS;15;4611;
Retraso Compagnia;1;4612;
Retraso NAS;20;4613;
Retraso Compagnia;16;4614;
Retraso Compagnia;12;4615;
Retraso NAS;13;4616;
Retraso Meteorologico;3;4617;
Retraso NAS;24;4618;
Retraso NAS;19;4619;
Retraso Compagnia;16;4620;
Retraso NAS;2;4621;
Retraso NAS;1;4622;
Retraso Previo;33;4623;
Retraso Compagnia;1;4624;
Retraso NAS;22;4625;
Retraso NAS;31;4626;
Retraso Meteorologico;775;4627;
Retraso Compagnia;356;4628;
Retraso Compagnia;25;4629;
Retraso NAS;3;4630;
Retraso Compagnia;15;4631;
Retraso NAS;16;4632;
Retraso Compagnia;3;4633;
Retraso NAS;13;4634;
Retraso NAS;7;4635;
Retraso Previo;10;4636;
Retraso Compagnia;3;4637;
Retraso NAS;12;4638;
Retraso Compagnia;93;4639;
Retraso Previo;79;4640;
Retraso Compagnia;7;4641;
Retraso NAS;38;4642;
Retraso Compagnia;23;4643;
Retraso NAS;18;4644;
Retraso Meteorologico;7;4645;
Retraso NAS;6;4646;
Retraso Previo;2;4647;
Retraso Compagnia;3;4648;
Retraso NAS;13;4649;
Retraso Compagnia;7;4650;
Retraso NAS;13;4651;
Retraso Compagnia;32;4652;
Retraso NAS;7;4653;
Retraso Meteorologico;11;4654;
Retraso NAS;8;4655;
Retraso NAS;21;4656;
Retraso NAS;15;4657;
Retraso Compagnia;2;4658;
Retraso NAS;23;4659;
Retraso Previo;6;4660;
Retraso Compagnia;2;4661;
Retraso NAS;22;4662;
Retraso Compagnia;14;4663;
Retraso NAS;16;4664;
Retraso Previo;3;4665;
Retraso NAS;15;4666;
Retraso Compagnia;2;4667;
Retraso NAS;13;4668;
Retraso Compagnia;6;4669;
Retraso NAS;32;4670;
Retraso Compagnia;2;4671;
Retraso NAS;18;4672;
Retraso Previo;1;4673;
Retraso NAS;20;4674;
Retraso NAS;5;4675;
Retraso Previo;10;4676;
Retraso Compagnia;50;4677;
Retraso NAS;39;4678;
Retraso Compagnia;15;4679;
Retraso NAS;35;4680;
Retraso Previo;38;4681;
Retraso Compagnia;30;4682;
Retraso NAS;9;4683;
Retraso NAS;8;4684;
Retraso Previo;20;4685;
Retraso NAS;5;4686;
Retraso Previo;15;4687;
Retraso Compagnia;1;4688;
Retraso NAS;22;4689;
Retraso Compagnia;6;4690;
Retraso NAS;20;4691;
Retraso NAS;17;4695;
Retraso NAS;16;4696;
Retraso Compagnia;7;4697;
Retraso NAS;8;4698;
Retraso Compagnia;83;4699;
Retraso NAS;3;4700;
Retraso NAS;45;4701;
Retraso NAS;6;4702;
Retraso Previo;64;4703;
Retraso Compagnia;21;4704;
Retraso NAS;14;4705;
Retraso Compagnia;7;4706;
Retraso NAS;13;4707;
Retraso Compagnia;21;4708;
Retraso Compagnia;19;4709;
Retraso NAS;2;4710;
Retraso Compagnia;29;4711;
Retraso NAS;12;4712;
Retraso Compagnia;16;4713;
Retraso NAS;11;4714;
Retraso Previo;80;4715;
Retraso Compagnia;25;4716;
Retraso NAS;8;4717;
Retraso Compagnia;41;4718;
Retraso NAS;34;4719;
Retraso Previo;28;4720;
Retraso Previo;31;4721;
Retraso NAS;24;4722;
Retraso NAS;3;4723;
Retraso Previo;20;4724;
Retraso NAS;19;4725;
Retraso NAS;15;4726;
Retraso Previo;21;4727;
Retraso Compagnia;78;4728;
Retraso Compagnia;12;4729;
Retraso NAS;3;4730;
Retraso NAS;3;4731;
Retraso Previo;73;4732;
Retraso NAS;10;4733;
Retraso Previo;7;4734;
Retraso Compagnia;19;4735;
Retraso NAS;12;4736;
Retraso Compagnia;42;4737;
Retraso Compagnia;7;4738;
Retraso NAS;23;4739;
Retraso Compagnia;17;4740;
Retraso Compagnia;23;4741;
Retraso NAS;12;4742;
Retraso Previo;18;4743;
Retraso Compagnia;3;4744;
Retraso NAS;20;4745;
Retraso NAS;6;4746;
Retraso Previo;26;4747;
Retraso NAS;2;4748;
Retraso Previo;43;4749;
Retraso Compagnia;8;4750;
Retraso NAS;7;4751;
Retraso Compagnia;88;4752;
Retraso NAS;12;4753;
Retraso Compagnia;20;4754;
Retraso NAS;4;4755;
Retraso NAS;15;4756;
Retraso Previo;7;4757;
Retraso NAS;19;4758;
Retraso NAS;20;4759;
Retraso Previo;25;4760;
Retraso NAS;2;4761;
Retraso Previo;45;4762;
Retraso Previo;51;4763;
Retraso Compagnia;53;4764;
Retraso NAS;1;4765;
Retraso Compagnia;56;4766;
Retraso NAS;15;4767;
Retraso Compagnia;16;4768;
Retraso NAS;7;4769;
Retraso Previo;9;4770;
Retraso NAS;21;4771;
Retraso Previo;5;4772;
Retraso Compagnia;23;4773;
Retraso NAS;11;4774;
Retraso Previo;24;4775;
Retraso NAS;2;4776;
Retraso Previo;29;4777;
Retraso NAS;7;4778;
Retraso Previo;12;4779;
Retraso Compagnia;4;4781;
Retraso NAS;15;4782;
Retraso NAS;29;4783;
Retraso Previo;23;4784;
Retraso Previo;43;4785;
Retraso Compagnia;5;4786;
Retraso NAS;11;4787;
Retraso Compagnia;6;4788;
Retraso NAS;11;4789;
Retraso Compagnia;17;4790;
Retraso NAS;21;4791;
Retraso Previo;16;4792;
Retraso Compagnia;15;4793;
Retraso Compagnia;33;4794;
Retraso NAS;5;4795;
Retraso Previo;13;4796;
Retraso NAS;19;4797;
Retraso Compagnia;15;4798;
Retraso Compagnia;13;4799;
Retraso NAS;9;4800;
Retraso NAS;15;4801;
Retraso Compagnia;5;4802;
Retraso NAS;13;4803;
Retraso Compagnia;22;4804;
Retraso Previo;22;4805;
Retraso NAS;19;4806;
Retraso Previo;9;4807;
Retraso NAS;9;4808;
Retraso Previo;17;4809;
Retraso NAS;3;4810;
Retraso Previo;22;4811;
Retraso NAS;8;4812;
Retraso Previo;8;4813;
Retraso NAS;17;4814;
Retraso NAS;27;4815;
Retraso Previo;16;4816;
Retraso NAS;1;4817;
Retraso Previo;16;4818;
Retraso Previo;41;4820;
Retraso Compagnia;41;4823;
Retraso NAS;4;4824;
Retraso Previo;57;4825;
Retraso Previo;81;4826;
Retraso NAS;18;4827;
Retraso NAS;41;4828;
Retraso NAS;20;4829;
Retraso Compagnia;9;4830;
Retraso NAS;6;4831;
Retraso Previo;25;4832;
Retraso Previo;18;4833;
Retraso Previo;64;4834;
Retraso NAS;19;4835;
Retraso Compagnia;13;4836;
Retraso NAS;7;4837;
Retraso Compagnia;8;4838;
Retraso NAS;12;4839;
Retraso NAS;22;4840;
Retraso Previo;29;4841;
Retraso Compagnia;28;4842;
Retraso NAS;1;4843;
Retraso Compagnia;3;4844;
Retraso NAS;17;4845;
Retraso Previo;15;4846;
Retraso Previo;29;4847;
Retraso NAS;26;4848;
Retraso Compagnia;6;4849;
Retraso NAS;9;4850;
Retraso NAS;5;4851;
Retraso Previo;26;4852;
Retraso Previo;29;4853;
Retraso Compagnia;26;4854;
Retraso NAS;21;4855;
Retraso Compagnia;22;4856;
Retraso NAS;30;4857;
Retraso Compagnia;29;4858;
Retraso NAS;16;4859;
Retraso Compagnia;3;4860;
Retraso NAS;16;4861;
Retraso Previo;25;4862;
Retraso NAS;4;4863;
Retraso Previo;20;4864;
Retraso NAS;16;4865;
Retraso Compagnia;1;4866;
Retraso NAS;37;4867;
Retraso Compagnia;1;4868;
Retraso NAS;21;4869;
Retraso Compagnia;15;4870;
Retraso NAS;13;4871;
Retraso NAS;29;4872;
Retraso Compagnia;79;4873;
Retraso Previo;73;4874;
Retraso Previo;42;4875;
Retraso Compagnia;28;4876;
Retraso NAS;11;4877;
Retraso Compagnia;17;4880;
Retraso NAS;21;4881;
Retraso NAS;14;4883;
Retraso Previo;129;4884;
Retraso NAS;8;4885;
Retraso Previo;9;4886;
Retraso Compagnia;24;4887;
Retraso Previo;31;4888;
Retraso NAS;63;4889;
Retraso Previo;72;4890;
Retraso Previo;17;4891;
Retraso NAS;21;4892;
Retraso Previo;9;4893;
Retraso NAS;26;4894;
Retraso Compagnia;18;4895;
Retraso NAS;12;4896;
Retraso Compagnia;28;4897;
Retraso Compagnia;16;4898;
Retraso NAS;7;4899;
Retraso Previo;129;4900;
Retraso Previo;149;4901;
Retraso Previo;157;4902;
Retraso NAS;69;4903;
Retraso Previo;53;4904;
Retraso NAS;33;4905;
Retraso Previo;42;4906;
Retraso NAS;68;4907;
Retraso Compagnia;35;4908;
Retraso NAS;9;4909;
Retraso Compagnia;26;4910;
Retraso Previo;64;4911;
Retraso Previo;21;4912;
Retraso Compagnia;22;4913;
Retraso NAS;5;4914;
Retraso Previo;22;4915;
Retraso Compagnia;23;4916;
Retraso Compagnia;21;4917;
Retraso Previo;20;4918;
Retraso NAS;3;4919;
Retraso Previo;63;4920;
Retraso Compagnia;46;4921;
Retraso Compagnia;15;4922;
Retraso NAS;1;4923;
Retraso NAS;4;4924;
Retraso Previo;34;4925;
Retraso Compagnia;17;4926;
Retraso NAS;53;4927;
Retraso NAS;15;4928;
Retraso NAS;15;4929;
Retraso Previo;3;4930;
Retraso NAS;16;4931;
Retraso Compagnia;21;4932;
Retraso NAS;26;4933;
Retraso Compagnia;79;4934;
Retraso Compagnia;91;4935;
Retraso Previo;42;4936;
Retraso NAS;23;4937;
Retraso Compagnia;52;4938;
Retraso NAS;1;4939;
Retraso NAS;18;4940;
Retraso NAS;19;4941;
Retraso NAS;16;4942;
Retraso Previo;24;4943;
Retraso Previo;15;4944;
Retraso Previo;36;4945;
Retraso Previo;25;4946;
Retraso Compagnia;12;4947;
Retraso NAS;16;4948;
Retraso NAS;8;4949;
Retraso Previo;31;4950;
Retraso NAS;15;4951;
Retraso Previo;3;4952;
Retraso NAS;19;4953;
Retraso Previo;7;4954;
Retraso Previo;72;4955;
Retraso Compagnia;12;4956;
Retraso NAS;9;4957;
Retraso NAS;1;4960;
Retraso Previo;23;4961;
Retraso Compagnia;10;4962;
Retraso NAS;12;4963;
Retraso Previo;25;4964;
Retraso Compagnia;4;4965;
Retraso NAS;31;4966;
Retraso Compagnia;15;4967;
Retraso Previo;48;4968;
Retraso NAS;37;4969;
Retraso Previo;18;4970;
Retraso NAS;27;4971;
Retraso Previo;13;4972;
Retraso Compagnia;160;4973;
Retraso NAS;12;4974;
Retraso Previo;168;4975;
Retraso NAS;3;4976;
Retraso Previo;15;4977;
Retraso Compagnia;13;4978;
Retraso NAS;5;4979;
Retraso Previo;35;4980;
Retraso Compagnia;17;4981;
Retraso NAS;7;4982;
Retraso Previo;30;4983;
Retraso NAS;67;4984;
Retraso NAS;57;4985;
Retraso Previo;13;4986;
Retraso NAS;72;4987;
Retraso Previo;29;4988;
Retraso Compagnia;19;4989;
Retraso NAS;2;4990;
Retraso NAS;9;4991;
Retraso Previo;28;4992;
Retraso Previo;85;4993;
Retraso Previo;41;4994;
Retraso Previo;100;4995;
Retraso Compagnia;51;4996;
Retraso NAS;10;4997;
Retraso NAS;24;4999;
Retraso NAS;26;5000;
Retraso NAS;17;5001;
Retraso Previo;4;5002;
Retraso NAS;4;5003;
Retraso Previo;13;5004;
Retraso Compagnia;1;5005;
Retraso NAS;18;5006;
Retraso Previo;76;5007;
Retraso NAS;4;5008;
Retraso Previo;39;5009;
Retraso NAS;11;5010;
Retraso Previo;75;5011;
Retraso NAS;14;5012;
Retraso Previo;5;5013;
Retraso NAS;24;5014;
Retraso Previo;33;5015;
Retraso Compagnia;49;5016;
Retraso NAS;4;5017;
Retraso Previo;48;5018;
Retraso Compagnia;4;5019;
Retraso NAS;15;5020;
Retraso Compagnia;19;5021;
Retraso NAS;21;5022;
Retraso Compagnia;59;5023;
Retraso NAS;44;5024;
Retraso NAS;24;5025;
Retraso NAS;14;5026;
Retraso Previo;2;5027;
Retraso NAS;32;5028;
Retraso Previo;31;5029;
Retraso Compagnia;30;5030;
Retraso NAS;15;5031;
Retraso NAS;17;5032;
Retraso NAS;43;5033;
Retraso NAS;78;5034;
Retraso Previo;45;5035;
Retraso NAS;17;5036;
Retraso Previo;25;5037;
Retraso NAS;23;5038;
Retraso Previo;27;5039;
Retraso NAS;21;5040;
Retraso NAS;17;5041;
Retraso Compagnia;16;5042;
Retraso NAS;5;5043;
Retraso NAS;20;5044;
Retraso Compagnia;30;5045;
Retraso NAS;12;5046;
Retraso Previo;17;5047;
Retraso NAS;22;5048;
Retraso Previo;4;5049;
Retraso NAS;13;5050;
Retraso Previo;4;5051;
Retraso Previo;41;5052;
Retraso Compagnia;264;5053;
Retraso Compagnia;53;5054;
Retraso NAS;8;5055;
Retraso NAS;11;5056;
Retraso Previo;19;5057;
Retraso Compagnia;1;5058;
Retraso NAS;22;5059;
Retraso Previo;46;5060;
Retraso NAS;13;5061;
Retraso Previo;46;5062;
Retraso NAS;24;5063;
Retraso Previo;261;5064;
Retraso NAS;15;5065;
Retraso Compagnia;25;5066;
Retraso NAS;11;5067;
Retraso NAS;10;5068;
Retraso Previo;13;5069;
Retraso NAS;7;5070;
Retraso Previo;12;5071;
Retraso Previo;23;5072;
Retraso Previo;61;5073;
Retraso Compagnia;13;5074;
Retraso NAS;16;5075;
Retraso Compagnia;18;5076;
Retraso NAS;6;5077;
Retraso Previo;44;5078;
Retraso Compagnia;16;5079;
Retraso NAS;9;5080;
Retraso NAS;5;5081;
Retraso Previo;24;5082;
Retraso Compagnia;30;5083;
Retraso Compagnia;9;5084;
Retraso NAS;6;5085;
Retraso Compagnia;19;5086;
Retraso NAS;22;5087;
Retraso Previo;32;5088;
Retraso NAS;8;5089;
Retraso Previo;30;5090;
Retraso NAS;5;5091;
Retraso Previo;100;5092;
Retraso Previo;23;5093;
Retraso NAS;9;5094;
Retraso Previo;27;5095;
Retraso NAS;19;5096;
Retraso NAS;24;5097;
Retraso Previo;5;5098;
Retraso NAS;5;5099;
Retraso Previo;55;5100;
Retraso Compagnia;21;5101;
Retraso NAS;3;5102;
Retraso Compagnia;34;5103;
Retraso Compagnia;43;5104;
Retraso Compagnia;5;5105;
Retraso NAS;11;5106;
Retraso Compagnia;20;5107;
Retraso NAS;21;5108;
Retraso Previo;7;5109;
Retraso Previo;21;5110;
Retraso Previo;21;5111;
Retraso Previo;40;5112;
Retraso NAS;24;5113;
Retraso Previo;110;5114;
Retraso NAS;5;5115;
Retraso Previo;10;5116;
Retraso Compagnia;4;5117;
Retraso NAS;26;5118;
Retraso NAS;59;5119;
Retraso Compagnia;19;5120;
Retraso NAS;13;5121;
Retraso Compagnia;16;5122;
Retraso NAS;28;5123;
Retraso Previo;19;5124;
Retraso Compagnia;12;5125;
Retraso NAS;4;5126;
Retraso Compagnia;14;5127;
Retraso NAS;2;5128;
Retraso NAS;3;5129;
Retraso Previo;14;5130;
Retraso NAS;1;5131;
Retraso Previo;40;5132;
Retraso NAS;25;5133;
Retraso NAS;19;5134;
Retraso NAS;20;5135;
Retraso Compagnia;8;5136;
Retraso NAS;7;5137;
Retraso NAS;23;5138;
Retraso Compagnia;9;5139;
Retraso NAS;6;5140;
Retraso Compagnia;50;5141;
Retraso NAS;5;5142;
Retraso NAS;7;5143;
Retraso Previo;20;5144;
Retraso Compagnia;54;5145;
Retraso Previo;17;5146;
Retraso NAS;23;5147;
Retraso Previo;13;5148;
Retraso Compagnia;3;5149;
Retraso NAS;13;5150;
Retraso NAS;19;5151;
Retraso Compagnia;17;5152;
Retraso NAS;9;5153;
Retraso Previo;20;5154;
Retraso Compagnia;23;5155;
Retraso Compagnia;37;5156;
Retraso NAS;6;5157;
Retraso Previo;40;5158;
Retraso NAS;12;5159;
Retraso Previo;13;5160;
Retraso Compagnia;24;5161;
Retraso Compagnia;36;5164;
Retraso Previo;31;5165;
Retraso NAS;24;5166;
Retraso Previo;14;5167;
Retraso Compagnia;1;5168;
Retraso NAS;18;5169;
Retraso Compagnia;1;5170;
Retraso NAS;18;5171;
Retraso NAS;11;5172;
Retraso Previo;9;5173;
Retraso NAS;16;5174;
Retraso NAS;4;5175;
Retraso Previo;19;5176;
Retraso NAS;2;5177;
Retraso Previo;18;5178;
Retraso Previo;36;5179;
Retraso NAS;4;5180;
Retraso Previo;18;5181;
Retraso Compagnia;23;5182;
Retraso Previo;28;5183;
Retraso NAS;16;5184;
Retraso Previo;19;5185;
Retraso NAS;8;5186;
Retraso Previo;10;5187;
Retraso Previo;18;5188;
Retraso NAS;4;5189;
Retraso Previo;15;5190;
Retraso NAS;32;5191;
Retraso Previo;90;5192;
Retraso Compagnia;24;5193;
Retraso NAS;15;5194;
Retraso NAS;22;5195;
Retraso Previo;23;5196;
Retraso Compagnia;21;5198;
Retraso Compagnia;37;5199;
Retraso Compagnia;33;5200;
Retraso Compagnia;15;5201;
Retraso Compagnia;8;5202;
Retraso Previo;20;5203;
Retraso Compagnia;21;5204;
Retraso Seguridad;11;5205;
Retraso Compagnia;35;5206;
Retraso Previo;75;5207;
Retraso Compagnia;85;5208;
Retraso Compagnia;18;5209;
Retraso Compagnia;16;5210;
Retraso Compagnia;24;5211;
Retraso Previo;6;5212;
Retraso Compagnia;19;5213;
Retraso Compagnia;27;5214;
Retraso Compagnia;31;5215;
Retraso Compagnia;36;5216;
Retraso NAS;217;5217;
Retraso Compagnia;26;5218;
Retraso Compagnia;31;5219;
Retraso Compagnia;26;5220;
Retraso Compagnia;33;5221;
Retraso Compagnia;89;5222;
Retraso Compagnia;20;5223;
Retraso Compagnia;19;5224;
Retraso Compagnia;2;5225;
Retraso Previo;16;5226;
Retraso Compagnia;19;5227;
Retraso Previo;48;5228;
Retraso Compagnia;52;5229;
Retraso Previo;27;5231;
Retraso Compagnia;2;5232;
Retraso Previo;14;5233;
Retraso Compagnia;5;5235;
Retraso Previo;22;5236;
Retraso Compagnia;9;5237;
Retraso Previo;13;5238;
Retraso Compagnia;47;5239;
Retraso Compagnia;2;5240;
Retraso Previo;41;5241;
Retraso Previo;78;5242;
Retraso Previo;84;5243;
Retraso Compagnia;8;5244;
Retraso Previo;16;5245;
Retraso Compagnia;15;5246;
Retraso Previo;64;5247;
Retraso Compagnia;46;5248;
Retraso Previo;27;5249;
Retraso Compagnia;4;5250;
Retraso Previo;82;5251;
Retraso Compagnia;91;5252;
Retraso Compagnia;107;5253;
Retraso Compagnia;18;5254;
Retraso Compagnia;20;5255;
Retraso Previo;32;5256;
Retraso Compagnia;5;5257;
Retraso Previo;21;5258;
Retraso Compagnia;20;5259;
Retraso Compagnia;1;5260;
Retraso Previo;17;5261;
Retraso Compagnia;1;5262;
Retraso Previo;17;5263;
Retraso Compagnia;2;5264;
Retraso Previo;16;5265;
Retraso Compagnia;7;5266;
Retraso Previo;18;5267;
Retraso Compagnia;3;5268;
Retraso Previo;20;5269;
Retraso Compagnia;44;5270;
Retraso Previo;41;5271;
Retraso Previo;62;5272;
Retraso Compagnia;3;5273;
Retraso Previo;35;5274;
Retraso Compagnia;37;5275;
Retraso Compagnia;11;5276;
Retraso Previo;18;5277;
Retraso Previo;28;5278;
Retraso Previo;44;5279;
Retraso Compagnia;53;5280;
Retraso Previo;78;5281;
Retraso Previo;74;5282;
Retraso Compagnia;3;5283;
Retraso Previo;47;5284;
Retraso Previo;55;5285;
Retraso Meteorologico;44;5294;
Retraso NAS;85;5295;
Retraso Compagnia;25;5296;
Retraso Compagnia;83;5298;
Retraso Previo;30;5299;
Retraso Previo;63;5300;
Retraso Previo;46;5301;
Retraso NAS;1;5302;
Retraso Previo;38;5303;
Retraso Compagnia;48;5304;
Retraso Previo;2;5305;
Retraso Previo;56;5306;
Retraso Compagnia;53;5307;
Retraso Previo;27;5308;
Retraso Meteorologico;93;5309;
Retraso NAS;11;5310;
Retraso Meteorologico;229;5311;
Retraso NAS;6;5312;
Retraso NAS;1;5313;
Retraso Previo;20;5314;
Retraso Meteorologico;36;5316;
Retraso Compagnia;19;5318;
Retraso Previo;137;5319;
Retraso NAS;8;5320;
Retraso Previo;23;5321;
Retraso Compagnia;152;5322;
Retraso Previo;17;5323;
Retraso Previo;43;5324;
Retraso Compagnia;6;5326;
Retraso Previo;55;5327;
Retraso NAS;22;5328;
Retraso Previo;240;5329;
Retraso Meteorologico;64;5330;
Retraso Compagnia;7;5331;
Retraso Previo;31;5332;
Retraso Compagnia;21;5333;
Retraso NAS;2;5334;
Retraso NAS;80;5335;
Retraso Previo;160;5336;
Retraso NAS;18;5337;
Retraso Compagnia;5;5338;
Retraso Previo;239;5339;
Retraso NAS;64;5340;
Retraso Previo;18;5341;
Retraso Previo;59;5342;
Retraso Previo;52;5343;
Retraso Previo;102;5344;
Retraso Previo;171;5345;
Retraso NAS;240;5346;
Retraso Meteorologico;569;5347;
Retraso Previo;88;5348;
Retraso Compagnia;3;5349;
Retraso NAS;4;5350;
Retraso Previo;16;5351;
Retraso NAS;4;5353;
Retraso Previo;18;5354;
Retraso Previo;34;5356;
Retraso Previo;54;5357;
Retraso Previo;46;5358;
Retraso NAS;19;5359;
Retraso Compagnia;131;5360;
Retraso NAS;7;5361;
Retraso Previo;37;5362;
Retraso Compagnia;28;5363;
Retraso Previo;18;5364;
Retraso Meteorologico;144;5365;
Retraso NAS;16;5366;
Retraso Meteorologico;131;5367;
Retraso NAS;57;5368;
Retraso Previo;135;5369;
Retraso Previo;150;5370;
Retraso Previo;42;5372;
Retraso Compagnia;35;5373;
Retraso Previo;115;5374;
Retraso Meteorologico;161;5375;
Retraso Previo;16;5376;
Retraso NAS;4;5379;
Retraso Previo;30;5380;
Retraso Compagnia;1;5381;
Retraso Previo;140;5382;
Retraso NAS;16;5383;
Retraso Previo;158;5384;
Retraso Previo;16;5385;
Retraso Meteorologico;75;5386;
Retraso Meteorologico;44;5387;
Retraso NAS;19;5388;
Retraso Compagnia;26;5389;
Retraso NAS;9;5390;
Retraso Previo;84;5391;
Retraso Previo;53;5393;
Retraso Compagnia;67;5394;
Retraso Previo;16;5395;
Retraso Compagnia;3;5396;
Retraso Previo;69;5397;
Retraso NAS;14;5398;
Retraso Previo;49;5399;
Retraso Meteorologico;26;5400;
Retraso NAS;79;5401;
Retraso Previo;25;5402;
Retraso Previo;41;5403;
Retraso Previo;65;5404;
Retraso Compagnia;58;5406;
Retraso NAS;6;5407;
Retraso Compagnia;46;5408;
Retraso NAS;9;5409;
Retraso NAS;5;5412;
Retraso Previo;67;5413;
Retraso Previo;59;5414;
Retraso Meteorologico;119;5415;
Retraso NAS;4;5416;
Retraso Compagnia;111;5417;
Retraso Meteorologico;35;5418;
Retraso NAS;9;5419;
Retraso Previo;150;5420;
Retraso Compagnia;47;5421;
Retraso NAS;1;5422;
Retraso Previo;17;5423;
Retraso Compagnia;3;5424;
Retraso NAS;18;5425;
Retraso Previo;32;5426;
Retraso Compagnia;32;5427;
Retraso NAS;15;5428;
Retraso Compagnia;19;5429;
Retraso Previo;35;5430;
Retraso NAS;22;5431;
Retraso NAS;24;5432;
Retraso Compagnia;18;5433;
Retraso NAS;13;5434;
Retraso NAS;15;5435;
Retraso Compagnia;20;5436;
Retraso NAS;1;5437;
Retraso Previo;19;5438;
Retraso Compagnia;17;5439;
Retraso NAS;4;5440;
Retraso NAS;16;5441;
Retraso Compagnia;12;5442;
Retraso NAS;6;5443;
Retraso Previo;53;5444;
Retraso Compagnia;2;5445;
Retraso Previo;26;5446;
Retraso Compagnia;49;5447;
Retraso NAS;4;5448;
Retraso Compagnia;19;5449;
Retraso Previo;8;5450;
Retraso NAS;27;5451;
Retraso Compagnia;31;5452;
Retraso NAS;6;5453;
Retraso NAS;15;5454;
Retraso NAS;15;5455;
Retraso Compagnia;60;5456;
Retraso NAS;1;5457;
Retraso Previo;34;5458;
Retraso Compagnia;12;5459;
Retraso Previo;14;5460;
Retraso Compagnia;42;5461;
Retraso NAS;4;5462;
Retraso NAS;20;5463;
Retraso Compagnia;17;5464;
Retraso Compagnia;19;5465;
Retraso NAS;22;5466;
Retraso NAS;13;5467;
Retraso Previo;12;5468;
Retraso NAS;18;5469;
Retraso Compagnia;2;5470;
Retraso NAS;7;5471;
Retraso Previo;20;5472;
Retraso NAS;4;5473;
Retraso Previo;17;5474;
Retraso NAS;5;5475;
Retraso Previo;10;5476;
Retraso Compagnia;50;5477;
Retraso NAS;4;5478;
Retraso Previo;47;5479;
Retraso Compagnia;82;5480;
Retraso NAS;8;5481;
Retraso Compagnia;11;5482;
Retraso Previo;4;5483;
Retraso Compagnia;5;5484;
Retraso Previo;11;5485;
Retraso Compagnia;42;5486;
Retraso NAS;19;5487;
Retraso Compagnia;20;5489;
Retraso Compagnia;13;5490;
Retraso Previo;2;5491;
Retraso Compagnia;7;5492;
Retraso NAS;2;5493;
Retraso Previo;92;5494;
Retraso NAS;24;5495;
Retraso Previo;16;5496;
Retraso Compagnia;82;5497;
Retraso Previo;58;5498;
Retraso NAS;20;5499;
Retraso Compagnia;33;5500;
Retraso Previo;23;5501;
Retraso Compagnia;6;5502;
Retraso NAS;18;5503;
Retraso NAS;16;5504;
Retraso Compagnia;21;5505;
Retraso Previo;14;5506;
Retraso Compagnia;19;5507;
Retraso Compagnia;29;5508;
Retraso NAS;1;5509;
Retraso Compagnia;1;5510;
Retraso Previo;17;5511;
Retraso Compagnia;35;5512;
Retraso NAS;17;5513;
Retraso Compagnia;2;5514;
Retraso Previo;17;5515;
Retraso NAS;19;5516;
Retraso NAS;16;5517;
Retraso Compagnia;26;5518;
Retraso NAS;15;5519;
Retraso Compagnia;12;5520;
Retraso Previo;11;5521;
Retraso NAS;1;5522;
Retraso Previo;19;5523;
Retraso Compagnia;11;5524;
Retraso NAS;2;5525;
Retraso Previo;68;5526;
Retraso Compagnia;61;5527;
Retraso NAS;6;5528;
Retraso Previo;1;5529;
Retraso NAS;3;5530;
Retraso Previo;13;5531;
Retraso Compagnia;105;5532;
Retraso Compagnia;87;5533;
Retraso Compagnia;6;5534;
Retraso NAS;10;5535;
Retraso Previo;7;5536;
Retraso Compagnia;70;5537;
Retraso Previo;22;5538;
Retraso Compagnia;10;5539;
Retraso NAS;7;5540;
Retraso NAS;2;5541;
Retraso Previo;17;5542;
Retraso NAS;15;5543;
Retraso Compagnia;26;5544;
Retraso NAS;17;5545;
Retraso Previo;80;5546;
Retraso Compagnia;89;5547;
Retraso NAS;16;5548;
Retraso NAS;11;5549;
Retraso Previo;14;5550;
Retraso Compagnia;33;5551;
Retraso Compagnia;39;5552;
Retraso Previo;6;5553;
Retraso Previo;31;5554;
Retraso Compagnia;27;5555;
Retraso NAS;7;5556;
Retraso Compagnia;30;5557;
Retraso Compagnia;4;5558;
Retraso NAS;12;5559;
Retraso Previo;19;5560;
Retraso NAS;7;5562;
Retraso Previo;20;5563;
Retraso NAS;14;5564;
Retraso Previo;9;5565;
Retraso Compagnia;19;5566;
Retraso Compagnia;14;5567;
Retraso NAS;3;5568;
Retraso Previo;99;5569;
Retraso Compagnia;80;5570;
Retraso Previo;29;5571;
Retraso NAS;16;5572;
Retraso Previo;13;5573;
Retraso Compagnia;47;5574;
Retraso Compagnia;1;5575;
Retraso Previo;46;5576;
Retraso NAS;15;5577;
Retraso Compagnia;37;5578;
Retraso NAS;11;5579;
Retraso Previo;22;5580;
Retraso NAS;23;5581;
Retraso Previo;22;5582;
Retraso Compagnia;23;5583;
Retraso NAS;18;5584;
Retraso Compagnia;12;5585;
Retraso NAS;5;5586;
Retraso Previo;28;5587;
Retraso Previo;16;5588;
Retraso Compagnia;15;5589;
Retraso NAS;19;5590;
Retraso NAS;20;5591;
Retraso Compagnia;5;5592;
Retraso Previo;32;5593;
Retraso Compagnia;25;5594;
Retraso NAS;15;5595;
Retraso Previo;1;5596;
Retraso Compagnia;10;5597;
Retraso NAS;15;5598;
Retraso NAS;17;5599;
Retraso NAS;22;5600;
Retraso NAS;19;5601;
Retraso NAS;7;5602;
Retraso Previo;12;5603;
Retraso Compagnia;14;5604;
Retraso NAS;16;5605;
Retraso Compagnia;18;5606;
Retraso NAS;2;5607;
Retraso Previo;32;5608;
Retraso Compagnia;6;5609;
Retraso NAS;10;5610;
Retraso NAS;19;5611;
Retraso Compagnia;6;5612;
Retraso Previo;22;5613;
Retraso NAS;5;5614;
Retraso Previo;23;5615;
Retraso NAS;3;5616;
Retraso Previo;12;5617;
Retraso NAS;1;5618;
Retraso Previo;24;5619;
Retraso Compagnia;41;5620;
Retraso Previo;2;5621;
Retraso Compagnia;32;5622;
Retraso NAS;8;5623;
Retraso Compagnia;12;5624;
Retraso NAS;17;5625;
Retraso Compagnia;16;5626;
Retraso NAS;10;5627;
Retraso Compagnia;33;5628;
Retraso Previo;32;5629;
Retraso Compagnia;32;5630;
Retraso NAS;4;5631;
Retraso Previo;16;5632;
Retraso NAS;3;5633;
Retraso Previo;39;5634;
Retraso Compagnia;22;5635;
Retraso NAS;1;5636;
Retraso Previo;60;5637;
Retraso Compagnia;6;5638;
Retraso NAS;8;5639;
Retraso Previo;1;5640;
Retraso Compagnia;6;5641;
Retraso NAS;10;5642;
Retraso NAS;3;5643;
Retraso Previo;16;5644;
Retraso Compagnia;34;5645;
Retraso Compagnia;28;5646;
Retraso NAS;9;5647;
Retraso Meteorologico;62;5648;
Retraso NAS;6;5649;
Retraso Previo;45;5650;
Retraso Previo;107;5651;
Retraso Compagnia;106;5652;
Retraso NAS;13;5653;
Retraso NAS;18;5654;
Retraso Compagnia;15;5655;
Retraso NAS;4;5656;
Retraso Previo;39;5657;
Retraso Compagnia;29;5658;
Retraso Previo;18;5659;
Retraso Previo;37;5660;
Retraso Compagnia;105;5661;
Retraso NAS;8;5662;
Retraso Previo;9;5663;
Retraso Compagnia;52;5664;
Retraso NAS;1;5665;
Retraso Compagnia;21;5666;
Retraso Previo;21;5667;
Retraso NAS;5;5668;
Retraso Previo;14;5669;
Retraso Compagnia;20;5670;
Retraso Previo;7;5671;
Retraso NAS;2;5672;
Retraso Previo;14;5673;
Retraso NAS;1;5674;
Retraso Previo;80;5675;
Retraso NAS;30;5676;
Retraso NAS;6;5680;
Retraso Previo;80;5681;
Retraso NAS;33;5682;
Retraso Previo;4;5683;
Retraso NAS;84;5684;
Retraso Previo;19;5685;
Retraso NAS;80;5686;
Retraso Compagnia;37;5687;
Retraso Compagnia;45;5688;
Retraso Previo;37;5689;
Retraso Previo;33;5690;
Retraso Previo;26;5691;
Retraso Compagnia;9;5692;
Retraso Previo;62;5693;
Retraso NAS;35;5694;
Retraso Previo;58;5695;
Retraso NAS;76;5696;
Retraso NAS;28;5697;
Retraso Previo;111;5698;
Retraso NAS;100;5699;
Retraso Previo;3;5700;
Retraso NAS;23;5701;
Retraso Previo;22;5702;
Retraso NAS;1;5703;
Retraso Previo;63;5704;
Retraso Previo;15;5705;
Retraso NAS;44;5706;
Retraso NAS;32;5707;
Retraso Meteorologico;11;5708;
Retraso NAS;46;5709;
Retraso Previo;98;5710;
Retraso Compagnia;5;5711;
Retraso Previo;23;5712;
Retraso Meteorologico;110;5713;
Retraso Previo;23;5714;
Retraso NAS;42;5715;
Retraso Previo;9;5716;
Retraso Compagnia;6;5717;
Retraso Previo;79;5718;
Retraso NAS;3;5719;
Retraso Previo;84;5720;
Retraso NAS;32;5721;
Retraso NAS;30;5722;
Retraso Compagnia;12;5723;
Retraso NAS;4;5724;
Retraso NAS;21;5725;
Retraso NAS;2;5726;
Retraso Previo;69;5727;
Retraso Previo;45;5728;
Retraso Previo;44;5729;
Retraso Previo;86;5730;
Retraso NAS;5;5731;
Retraso Previo;44;5732;
Retraso NAS;3;5733;
Retraso Previo;95;5734;
Retraso Compagnia;19;5735;
Retraso Previo;6;5736;
Retraso Previo;19;5737;
Retraso NAS;88;5738;
Retraso Previo;2;5739;
Retraso NAS;36;5740;
Retraso Previo;22;5741;
Retraso Previo;26;5742;
Retraso NAS;12;5743;
Retraso Previo;80;5744;
Retraso NAS;210;5745;
Retraso Compagnia;37;5746;
Retraso Previo;40;5747;
Retraso NAS;1;5748;
Retraso Previo;25;5749;
Retraso Compagnia;33;5750;
Retraso Compagnia;36;5751;
Retraso NAS;60;5752;
Retraso Previo;25;5753;
Retraso NAS;26;5754;
Retraso Previo;14;5755;
Retraso Compagnia;8;5756;
Retraso Previo;7;5757;
Retraso NAS;50;5758;
Retraso NAS;109;5759;
Retraso Compagnia;21;5760;
Retraso Compagnia;20;5761;
Retraso Previo;11;5762;
Retraso NAS;1;5763;
Retraso Previo;15;5764;
Retraso NAS;26;5765;
Retraso NAS;4;5766;
Retraso Previo;14;5767;
Retraso NAS;96;5768;
Retraso Previo;1;5769;
Retraso NAS;58;5770;
Retraso Previo;13;5771;
Retraso Compagnia;39;5772;
Retraso Compagnia;34;5773;
Retraso Previo;32;5774;
Retraso NAS;42;5775;
Retraso Compagnia;75;5776;
Retraso Compagnia;48;5777;
Retraso Previo;49;5778;
Retraso Previo;17;5779;
Retraso NAS;18;5780;
Retraso Previo;27;5781;
Retraso NAS;13;5782;
Retraso Previo;27;5783;
Retraso Compagnia;5;5784;
Retraso Previo;25;5785;
Retraso NAS;38;5786;
Retraso Previo;21;5787;
Retraso NAS;90;5788;
Retraso Previo;20;5789;
Retraso NAS;86;5790;
Retraso NAS;89;5791;
Retraso NAS;21;5792;
Retraso NAS;20;5793;
Retraso NAS;108;5794;
Retraso NAS;35;5795;
Retraso NAS;6;5796;
Retraso Previo;51;5797;
Retraso NAS;32;5798;
Retraso Previo;7;5799;
Retraso NAS;36;5800;
Retraso NAS;75;5801;
Retraso Previo;25;5802;
Retraso NAS;46;5803;
Retraso Previo;15;5804;
Retraso Compagnia;115;5805;
Retraso Compagnia;34;5806;
Retraso NAS;6;5807;
Retraso Compagnia;19;5808;
Retraso NAS;26;5809;
Retraso Previo;16;5810;
Retraso NAS;98;5811;
Retraso Compagnia;55;5812;
Retraso NAS;6;5813;
Retraso NAS;15;5814;
Retraso Compagnia;76;5815;
Retraso NAS;9;5816;
Retraso Compagnia;11;5817;
Retraso Previo;102;5818;
Retraso NAS;83;5820;
Retraso Previo;6;5821;
Retraso Compagnia;10;5822;
Retraso Previo;13;5823;
Retraso Compagnia;35;5824;
Retraso NAS;54;5825;
Retraso Previo;23;5826;
Retraso NAS;55;5827;
Retraso Previo;35;5828;
Retraso NAS;5;5829;
Retraso Previo;19;5830;
Retraso Compagnia;29;5831;
Retraso NAS;2;5832;
Retraso Previo;51;5833;
Retraso Previo;22;5834;
Retraso Compagnia;19;5835;
Retraso NAS;7;5836;
Retraso Previo;17;5837;
Retraso NAS;43;5838;
Retraso Meteorologico;4;5839;
Retraso NAS;10;5840;
Retraso Previo;77;5841;
Retraso Meteorologico;6;5842;
Retraso NAS;92;5843;
Retraso Previo;26;5844;
Retraso Previo;17;5845;
Retraso NAS;67;5846;
Retraso Compagnia;13;5847;
Retraso NAS;32;5848;
Retraso Previo;7;5849;
Retraso Compagnia;15;5850;
Retraso Compagnia;39;5851;
Retraso Previo;88;5852;
Retraso Compagnia;4;5853;
Retraso Previo;36;5854;
Retraso Previo;30;5855;
Retraso NAS;2;5856;
Retraso Previo;27;5857;
Retraso NAS;9;5858;
Retraso Previo;85;5859;
Retraso Compagnia;9;5860;
Retraso Previo;38;5861;
Retraso Compagnia;44;5862;
Retraso Compagnia;28;5863;
Retraso Previo;51;5864;
Retraso Previo;96;5865;
Retraso Compagnia;17;5866;
Retraso NAS;15;5867;
Retraso Previo;36;5868;
Retraso Previo;42;5869;
Retraso Compagnia;111;5870;
Retraso Compagnia;15;5871;
Retraso Previo;125;5874;
Retraso NAS;14;5875;
Retraso Previo;71;5876;
Retraso Compagnia;21;5877;
Retraso Previo;119;5878;
Retraso Previo;80;5879;
Retraso NAS;12;5880;
Retraso Previo;64;5881;
Retraso NAS;33;5882;
Retraso Previo;15;5883;
Retraso NAS;8;5884;
Retraso Previo;74;5885;
Retraso NAS;22;5886;
Retraso Compagnia;21;5887;
Retraso NAS;7;5888;
Retraso NAS;2;5889;
Retraso Previo;78;5890;
Retraso NAS;2;5891;
Retraso Previo;64;5892;
Retraso NAS;41;5893;
Retraso NAS;20;5894;
Retraso Previo;21;5895;
Retraso Compagnia;16;5896;
Retraso Previo;49;5897;
Retraso Previo;56;5898;
Retraso NAS;64;5899;
Retraso NAS;118;5900;
Retraso Previo;4;5901;
Retraso NAS;68;5902;
Retraso Previo;5;5903;
Retraso Compagnia;7;5904;
Retraso Previo;42;5905;
Retraso Previo;44;5906;
Retraso Previo;117;5907;
Retraso NAS;20;5908;
Retraso Meteorologico;64;5909;
Retraso NAS;3;5910;
Retraso Previo;10;5911;
Retraso Meteorologico;79;5912;
Retraso NAS;28;5913;
Retraso NAS;12;5914;
Retraso Previo;109;5915;
Retraso NAS;120;5916;
Retraso NAS;1;5917;
Retraso Previo;22;5918;
Retraso NAS;95;5919;
Retraso Previo;40;5920;
Retraso NAS;152;5921;
Retraso Previo;30;5922;
Retraso Previo;38;5923;
Retraso NAS;6;5924;
Retraso Previo;45;5925;
Retraso NAS;2;5926;
Retraso Previo;59;5927;
Retraso NAS;38;5928;
Retraso Previo;3;5929;
Retraso NAS;3;5930;
Retraso Previo;36;5931;
Retraso NAS;45;5932;
Retraso Previo;77;5933;
Retraso NAS;95;5934;
Retraso Previo;5;5935;
Retraso NAS;78;5936;
Retraso Previo;10;5937;
Retraso NAS;50;5938;
Retraso NAS;54;5939;
Retraso Previo;6;5940;
Retraso NAS;55;5943;
Retraso Compagnia;75;5944;
Retraso NAS;34;5945;
Retraso NAS;42;5946;
Retraso NAS;99;5947;
Retraso Previo;7;5948;
Retraso NAS;33;5949;
Retraso Previo;13;5950;
Retraso NAS;29;5951;
Retraso NAS;10;5952;
Retraso Previo;8;5953;
Retraso NAS;85;5954;
Retraso NAS;65;5955;
Retraso Compagnia;8;5956;
Retraso NAS;7;5957;
Retraso Meteorologico;7;5958;
Retraso NAS;74;5959;
Retraso Previo;8;5960;
Retraso Meteorologico;24;5961;
Retraso Previo;23;5962;
Retraso Compagnia;15;5963;
Retraso NAS;2;5964;
Retraso Previo;100;5965;
Retraso NAS;8;5966;
Retraso Previo;159;5967;
Retraso NAS;73;5968;
Retraso NAS;56;5969;
Retraso Previo;15;5970;
Retraso NAS;30;5971;
Retraso Previo;62;5972;
Retraso Previo;63;5973;
Retraso Compagnia;59;5974;
Retraso Previo;44;5975;
Retraso NAS;3;5976;
Retraso Previo;92;5977;
Retraso NAS;11;5978;
Retraso Previo;11;5979;
Retraso NAS;6;5980;
Retraso Previo;19;5981;
Retraso Previo;18;5982;
Retraso NAS;5;5983;
Retraso Previo;13;5984;
Retraso NAS;19;5985;
Retraso Previo;33;5986;
Retraso Compagnia;10;5987;
Retraso Previo;63;5988;
Retraso NAS;6;5989;
Retraso Previo;110;5990;
Retraso NAS;12;5991;
Retraso Previo;11;5992;
Retraso Compagnia;18;5993;
Retraso NAS;7;5994;
Retraso Compagnia;9;5996;
Retraso NAS;37;5997;
Retraso NAS;39;5998;
Retraso NAS;45;5999;
Retraso NAS;36;6000;
Retraso NAS;61;6001;
Retraso NAS;24;6002;
Retraso NAS;28;6003;
Retraso Previo;5;6004;
Retraso Previo;21;6005;
Retraso NAS;36;6006;
Retraso Previo;21;6007;
Retraso NAS;8;6008;
Retraso Previo;11;6009;
Retraso Previo;20;6010;
Retraso Compagnia;5;6011;
Retraso Previo;12;6012;
Retraso Meteorologico;1;6013;
Retraso NAS;6;6014;
Retraso Previo;15;6015;
Retraso NAS;46;6016;
Retraso Previo;9;6017;
Retraso NAS;51;6018;
Retraso NAS;1;6019;
Retraso Previo;39;6020;
Retraso NAS;100;6022;
Retraso NAS;70;6023;
Retraso Previo;14;6024;
Retraso Compagnia;47;6025;
Retraso NAS;35;6026;
Retraso NAS;72;6027;
Retraso Previo;44;6028;
Retraso Compagnia;29;6029;
Retraso NAS;14;6030;
Retraso Compagnia;15;6031;
Retraso NAS;45;6032;
Retraso Compagnia;5;6033;
Retraso NAS;23;6034;
Retraso Previo;15;6035;
Retraso Compagnia;36;6036;
Retraso Previo;10;6037;
Retraso Previo;22;6038;
Retraso Compagnia;45;6039;
Retraso Previo;4;6040;
Retraso Compagnia;61;6041;
Retraso NAS;55;6042;
Retraso Previo;22;6043;
Retraso NAS;43;6044;
Retraso Previo;14;6045;
Retraso NAS;78;6046;
Retraso Previo;46;6047;
Retraso NAS;72;6048;
Retraso Previo;22;6049;
Retraso Meteorologico;67;6050;
Retraso NAS;19;6051;
Retraso Previo;25;6052;
Retraso NAS;61;6053;
Retraso Compagnia;39;6054;
Retraso Previo;32;6055;
Retraso Compagnia;24;6056;
Retraso Previo;74;6057;
Retraso NAS;11;6058;
Retraso Previo;6;6059;
Retraso NAS;34;6060;
Retraso NAS;12;6061;
Retraso Previo;45;6062;
Retraso Compagnia;12;6063;
Retraso NAS;8;6064;
Retraso NAS;55;6065;
Retraso NAS;96;6066;
Retraso NAS;29;6067;
Retraso NAS;6;6068;
Retraso Previo;27;6069;
Retraso Previo;22;6070;
Retraso Compagnia;75;6071;
Retraso Previo;21;6072;
Retraso NAS;29;6074;
Retraso Previo;21;6075;
Retraso NAS;74;6076;
Retraso Previo;20;6077;
Retraso NAS;16;6078;
Retraso NAS;22;6079;
Retraso NAS;7;6080;
Retraso Previo;9;6081;
Retraso NAS;104;6082;
Retraso NAS;76;6083;
Retraso Compagnia;4;6084;
Retraso Previo;55;6085;
Retraso Previo;53;6086;
Retraso Compagnia;29;6087;
Retraso Compagnia;159;6089;
Retraso Previo;49;6090;
Retraso NAS;47;6091;
Retraso NAS;46;6092;
Retraso NAS;42;6093;
Retraso Meteorologico;15;6094;
Retraso NAS;13;6095;
Retraso NAS;28;6096;
Retraso Previo;27;6097;
Retraso NAS;87;6098;
Retraso Previo;34;6099;
Retraso NAS;80;6100;
Retraso Previo;17;6101;
Retraso NAS;15;6102;
Retraso NAS;38;6103;
Retraso NAS;14;6104;
Retraso Previo;90;6105;
Retraso NAS;6;6106;
Retraso Previo;75;6107;
Retraso NAS;39;6108;
Retraso NAS;1;6109;
Retraso Previo;21;6110;
Retraso Compagnia;76;6111;
Retraso Previo;30;6112;
Retraso Previo;41;6113;
Retraso NAS;124;6114;
Retraso Meteorologico;4;6115;
Retraso Previo;27;6116;
Retraso NAS;61;6118;
Retraso Previo;184;6119;
Retraso NAS;27;6120;
Retraso Previo;17;6121;
Retraso NAS;3;6122;
Retraso Previo;24;6123;
Retraso NAS;11;6124;
Retraso Previo;11;6125;
Retraso NAS;38;6126;
Retraso NAS;3;6127;
Retraso Previo;52;6128;
Retraso NAS;31;6129;
Retraso Previo;25;6130;
Retraso NAS;69;6131;
Retraso Previo;5;6132;
Retraso Compagnia;9;6133;
Retraso Previo;28;6134;
Retraso NAS;1;6135;
Retraso Previo;17;6136;
Retraso NAS;140;6137;
Retraso NAS;117;6138;
Retraso Previo;7;6139;
Retraso NAS;51;6140;
Retraso Previo;29;6141;
Retraso NAS;2;6142;
Retraso Previo;87;6143;
Retraso NAS;6;6144;
Retraso Previo;11;6145;
Retraso NAS;50;6146;
Retraso Previo;12;6147;
Retraso NAS;80;6148;
Retraso Previo;16;6149;
Retraso NAS;4;6150;
Retraso Previo;36;6151;
Retraso Compagnia;21;6152;
Retraso NAS;1;6153;
Retraso Compagnia;12;6154;
Retraso Previo;11;6155;
Retraso Meteorologico;82;6156;
Retraso Previo;7;6157;
Retraso NAS;65;6158;
Retraso Previo;10;6159;
Retraso NAS;12;6160;
Retraso Previo;32;6161;
Retraso Compagnia;8;6162;
Retraso Previo;7;6163;
Retraso Compagnia;7;6164;
Retraso Previo;66;6165;
Retraso Previo;42;6166;
Retraso NAS;15;6167;
Retraso NAS;2;6168;
Retraso Previo;32;6169;
Retraso Compagnia;55;6170;
Retraso Compagnia;15;6171;
Retraso Compagnia;11;6172;
Retraso NAS;1;6173;
Retraso Previo;25;6174;
Retraso Meteorologico;31;6175;
Retraso NAS;43;6176;
Retraso Previo;29;6177;
Retraso Meteorologico;51;6178;
Retraso NAS;32;6179;
Retraso Previo;12;6180;
Retraso NAS;1;6182;
Retraso Previo;44;6183;
Retraso NAS;4;6185;
Retraso Previo;61;6186;
Retraso NAS;6;6187;
Retraso Previo;27;6188;
Retraso NAS;97;6190;
Retraso NAS;5;6191;
Retraso Previo;15;6192;
Retraso Meteorologico;135;6193;
Retraso Compagnia;14;6195;
Retraso NAS;2;6196;
Retraso Previo;94;6197;
Retraso NAS;9;6198;
Retraso Previo;30;6199;
Retraso NAS;87;6200;
Retraso NAS;16;6201;
Retraso Compagnia;14;6203;
Retraso Previo;40;6204;
Retraso Compagnia;954;6205;
Retraso Previo;29;6206;
Retraso NAS;22;6208;
Retraso Previo;54;6209;
Retraso NAS;1;6210;
Retraso Previo;35;6211;
Retraso NAS;3;6212;
Retraso Previo;15;6213;
Retraso NAS;13;6214;
Retraso Previo;93;6215;
Retraso Compagnia;6;6216;
Retraso Previo;44;6217;
Retraso NAS;17;6218;
Retraso NAS;18;6219;
Retraso NAS;5;6220;
Retraso Previo;75;6221;
Retraso Compagnia;140;6223;
Retraso Compagnia;8;6224;
Retraso Previo;38;6225;
Retraso NAS;116;6228;
Retraso Previo;4;6229;
Retraso NAS;42;6230;
Retraso Previo;3;6231;
Retraso NAS;40;6232;
Retraso NAS;43;6233;
Retraso Previo;8;6234;
Retraso NAS;16;6235;
Retraso Previo;15;6236;
Retraso Compagnia;33;6237;
Retraso NAS;8;6238;
Retraso NAS;17;6239;
Retraso Previo;26;6240;
Retraso NAS;2;6241;
Retraso Previo;23;6242;
Retraso Compagnia;4;6243;
Retraso NAS;1;6244;
Retraso Previo;10;6245;
Retraso NAS;76;6246;
Retraso Compagnia;42;6247;
Retraso Previo;2;6248;
Retraso NAS;69;6249;
Retraso NAS;30;6250;
Retraso Previo;44;6251;
Retraso NAS;109;6252;
Retraso NAS;21;6254;
Retraso NAS;56;6255;
Retraso Previo;2;6256;
Retraso NAS;44;6257;
Retraso Previo;25;6258;
Retraso NAS;26;6259;
Retraso Previo;37;6260;
Retraso NAS;14;6261;
Retraso Previo;1;6262;
Retraso NAS;29;6263;
Retraso NAS;67;6264;
Retraso Previo;17;6265;
Retraso NAS;86;6266;
Retraso Previo;7;6267;
Retraso NAS;102;6268;
Retraso Previo;6;6269;
Retraso NAS;88;6270;
Retraso Previo;8;6271;
Retraso NAS;22;6272;
Retraso Meteorologico;24;6273;
Retraso NAS;9;6274;
Retraso Previo;127;6275;
Retraso NAS;82;6276;
Retraso NAS;24;6277;
Retraso NAS;70;6278;
Retraso Previo;21;6279;
Retraso NAS;28;6280;
Retraso Previo;31;6281;
Retraso NAS;6;6282;
Retraso Previo;15;6283;
Retraso NAS;33;6284;
Retraso Compagnia;20;6285;
Retraso NAS;3;6286;
Retraso Compagnia;4;6287;
Retraso Previo;48;6288;
Retraso Compagnia;20;6289;
Retraso Previo;10;6290;
Retraso NAS;100;6291;
Retraso Previo;6;6292;
Retraso NAS;32;6293;
Retraso Previo;10;6294;
Retraso Compagnia;11;6295;
Retraso NAS;5;6296;
Retraso Previo;8;6297;
Retraso NAS;32;6298;
Retraso Previo;3;6299;
Retraso NAS;27;6300;
Retraso NAS;1;6301;
Retraso Previo;28;6302;
Retraso Previo;73;6303;
Retraso Compagnia;3;6304;
Retraso Previo;17;6305;
Retraso Compagnia;13;6306;
Retraso Previo;80;6307;
Retraso NAS;3;6308;
Retraso Previo;52;6309;
Retraso NAS;7;6310;
Retraso Previo;45;6311;
Retraso NAS;29;6312;
Retraso NAS;19;6313;
Retraso Previo;20;6314;
Retraso NAS;8;6315;
Retraso Previo;68;6316;
Retraso NAS;43;6317;
Retraso Previo;20;6318;
Retraso NAS;2;6319;
Retraso Previo;13;6320;
Retraso Compagnia;99;6321;
Retraso NAS;6;6322;
Retraso NAS;99;6323;
Retraso NAS;32;6324;
Retraso Previo;9;6325;
Retraso Compagnia;10;6326;
Retraso Previo;7;6327;
Retraso NAS;24;6328;
Retraso Meteorologico;414;6329;
Retraso NAS;8;6331;
Retraso Previo;26;6332;
Retraso Compagnia;18;6333;
Retraso NAS;3;6334;
Retraso Compagnia;18;6335;
Retraso NAS;23;6336;
Retraso Compagnia;14;6337;
Retraso NAS;12;6338;
Retraso NAS;25;6339;
Retraso Previo;20;6340;
Retraso Previo;16;6341;
Retraso Compagnia;13;6342;
Retraso NAS;7;6343;
Retraso Previo;48;6344;
Retraso Compagnia;73;6345;
Retraso Compagnia;112;6346;
Retraso Previo;12;6347;
Retraso Compagnia;2;6348;
Retraso NAS;1;6349;
Retraso Previo;73;6350;
Retraso NAS;22;6351;
Retraso Previo;26;6352;
Retraso Compagnia;40;6353;
Retraso Seguridad;2;6354;
Retraso Previo;34;6355;
Retraso NAS;3;6356;
Retraso Previo;55;6357;
Retraso NAS;17;6358;
Retraso Previo;7;6359;
Retraso Compagnia;17;6360;
Retraso NAS;5;6361;
Retraso Previo;18;6362;
Retraso NAS;44;6363;
Retraso Previo;39;6364;
Retraso Compagnia;12;6365;
Retraso NAS;6;6366;
Retraso Previo;45;6367;
Retraso Previo;36;6368;
Retraso Compagnia;22;6369;
Retraso NAS;17;6370;
Retraso Compagnia;2;6371;
Retraso NAS;15;6372;
Retraso Previo;39;6373;
Retraso Compagnia;12;6379;
Retraso Previo;12;6380;
Retraso NAS;33;6381;
Retraso Previo;101;6383;
Retraso Compagnia;16;6384;
Retraso Previo;3;6385;
Retraso NAS;30;6386;
Retraso Compagnia;1;6387;
Retraso Previo;49;6388;
Retraso NAS;29;6389;
Retraso Compagnia;28;6391;
Retraso NAS;12;6392;
Retraso NAS;17;6394;
Retraso NAS;18;6396;
Retraso Compagnia;1;6397;
Retraso Previo;26;6398;
Retraso NAS;11;6399;
Retraso Previo;27;6400;
Retraso NAS;4;6401;
Retraso Previo;37;6402;
Retraso Compagnia;17;6404;
Retraso NAS;2;6405;
Retraso Previo;24;6406;
Retraso NAS;1;6407;
Retraso Previo;32;6408;
Retraso Compagnia;106;6409;
Retraso NAS;3;6410;
Retraso NAS;25;6412;
Retraso Compagnia;15;6413;
Retraso Previo;11;6414;
Retraso Compagnia;13;6415;
Retraso NAS;1;6416;
Retraso Previo;40;6417;
Retraso NAS;20;6418;
Retraso NAS;9;6419;
Retraso Previo;13;6420;
Retraso Compagnia;24;6421;
Retraso Previo;12;6422;
Retraso Compagnia;19;6423;
Retraso NAS;12;6424;
Retraso Previo;7;6425;
Retraso Compagnia;5;6427;
Retraso NAS;11;6428;
Retraso Previo;8;6429;
Retraso Compagnia;33;6431;
Retraso Previo;6;6432;
Retraso NAS;1;6433;
Retraso Previo;68;6434;
Retraso NAS;21;6436;
Retraso NAS;3;6438;
Retraso Previo;53;6439;
Retraso Compagnia;15;6440;
Retraso Previo;31;6441;
Retraso Compagnia;73;6442;
Retraso NAS;10;6443;
Retraso Previo;72;6444;
Retraso NAS;21;6445;
Retraso Compagnia;30;6449;
Retraso NAS;9;6451;
Retraso Previo;30;6452;
Retraso Compagnia;51;6454;
Retraso Previo;69;6455;
Retraso NAS;53;6456;
Retraso Previo;12;6457;
Retraso Previo;16;6458;
Retraso Compagnia;18;6459;
Retraso NAS;57;6460;
Retraso Compagnia;11;6462;
Retraso NAS;20;6463;
Retraso Previo;68;6464;
Retraso Compagnia;51;6465;
Retraso NAS;11;6466;
Retraso Previo;120;6467;
Retraso Compagnia;3;6469;
Retraso Previo;74;6470;
Retraso Compagnia;17;6472;
Retraso Previo;51;6473;
Retraso Compagnia;5;6474;
Retraso NAS;33;6475;
Retraso Previo;36;6476;
Retraso NAS;334;6477;
Retraso NAS;24;6478;
Retraso NAS;23;6479;
Retraso Previo;9;6480;
Retraso Compagnia;183;6481;
Retraso Previo;15;6482;
Retraso NAS;15;6483;
Retraso Previo;14;6484;
Retraso NAS;176;6485;
Retraso Previo;29;6486;
Retraso NAS;27;6487;
Retraso NAS;78;6488;
Retraso NAS;35;6489;
Retraso NAS;3;6491;
Retraso Previo;24;6492;
Retraso NAS;131;6494;
Retraso Compagnia;40;6495;
Retraso NAS;5;6496;
Retraso NAS;18;6497;
Retraso Compagnia;16;6498;
Retraso Previo;35;6499;
Retraso NAS;64;6500;
Retraso Compagnia;25;6501;
Retraso NAS;5;6502;
Retraso Compagnia;24;6503;
Retraso Previo;44;6504;
Retraso NAS;20;6506;
Retraso Previo;193;6508;
Retraso NAS;3;6509;
Retraso Previo;101;6510;
Retraso Compagnia;88;6511;
Retraso Compagnia;6;6512;
Retraso NAS;14;6513;
Retraso NAS;27;6514;
Retraso Previo;4;6515;
Retraso Compagnia;14;6516;
Retraso Previo;17;6517;
Retraso NAS;24;6518;
Retraso Previo;50;6519;
Retraso NAS;24;6520;
Retraso Previo;50;6521;
Retraso Compagnia;6;6522;
Retraso NAS;15;6523;
Retraso Previo;20;6524;
Retraso NAS;16;6526;
Retraso Compagnia;54;6527;
Retraso Compagnia;123;6528;
Retraso NAS;10;6529;
Retraso NAS;7;6530;
Retraso Previo;109;6531;
Retraso NAS;17;6532;
Retraso NAS;5;6533;
Retraso Previo;20;6534;
Retraso Previo;37;6535;
Retraso Compagnia;15;6536;
Retraso NAS;1;6537;
Retraso Compagnia;26;6538;
Retraso NAS;32;6539;
Retraso Previo;3;6540;
Retraso Compagnia;30;6554;
Retraso Compagnia;57;6555;
Retraso Compagnia;13;6556;
Retraso NAS;2;6557;
Retraso Compagnia;22;6558;
Retraso NAS;6;6559;
Retraso Previo;8;6560;
Retraso NAS;17;6561;
Retraso Meteorologico;51;6562;
Retraso NAS;15;6563;
Retraso NAS;63;6564;
Retraso Previo;132;6565;
Retraso Previo;39;6566;
Retraso Previo;19;6567;
Retraso Previo;25;6568;
Retraso Meteorologico;53;6569;
Retraso NAS;20;6570;
Retraso NAS;67;6571;
Retraso Compagnia;18;6572;
Retraso NAS;1;6573;
Retraso Compagnia;71;6574;
Retraso NAS;4;6575;
Retraso NAS;18;6576;
Retraso Compagnia;6;6577;
Retraso NAS;77;6578;
Retraso Meteorologico;19;6579;
Retraso NAS;17;6580;
Retraso NAS;17;6581;
Retraso Compagnia;19;6582;
Retraso NAS;4;6583;
Retraso NAS;22;6584;
Retraso Compagnia;53;6585;
Retraso Compagnia;85;6586;
Retraso NAS;1;6587;
Retraso NAS;32;6588;
Retraso Compagnia;32;6589;
Retraso NAS;20;6590;
Retraso NAS;22;6591;
Retraso Compagnia;9;6592;
Retraso NAS;65;6593;
Retraso NAS;216;6594;
Retraso NAS;17;6595;
Retraso Compagnia;10;6596;
Retraso NAS;12;6597;
Retraso NAS;23;6598;
Retraso Compagnia;24;6599;
Retraso NAS;6;6600;
Retraso NAS;18;6601;
Retraso NAS;31;6602;
Retraso NAS;18;6603;
Retraso NAS;21;6604;
Retraso NAS;17;6605;
Retraso NAS;17;6606;
Retraso NAS;28;6607;
Retraso Compagnia;21;6608;
Retraso NAS;7;6609;
Retraso NAS;57;6610;
Retraso NAS;15;6611;
Retraso Compagnia;14;6612;
Retraso NAS;6;6613;
Retraso NAS;28;6614;
Retraso NAS;20;6615;
Retraso NAS;20;6616;
Retraso Compagnia;8;6617;
Retraso NAS;5;6618;
Retraso Previo;10;6619;
Retraso Compagnia;31;6620;
Retraso NAS;27;6621;
Retraso NAS;15;6622;
Retraso NAS;16;6623;
Retraso NAS;24;6624;
Retraso Previo;136;6625;
Retraso NAS;17;6626;
Retraso NAS;26;6627;
Retraso Compagnia;18;6628;
Retraso NAS;8;6629;
Retraso NAS;22;6630;
Retraso NAS;15;6631;
Retraso NAS;34;6632;
Retraso Compagnia;9;6633;
Retraso NAS;11;6634;
Retraso Compagnia;18;6635;
Retraso Meteorologico;105;6636;
Retraso NAS;13;6637;
Retraso NAS;17;6638;
Retraso Compagnia;58;6639;
Retraso NAS;93;6640;
Retraso NAS;108;6641;
Retraso Compagnia;60;6642;
Retraso Compagnia;29;6643;
Retraso NAS;6;6644;
Retraso Compagnia;28;6645;
Retraso Previo;5;6646;
Retraso NAS;1;6647;
Retraso Previo;91;6648;
Retraso NAS;34;6649;
Retraso Meteorologico;59;6650;
Retraso NAS;12;6651;
Retraso NAS;19;6652;
Retraso Compagnia;26;6653;
Retraso NAS;2;6654;
Retraso Previo;13;6655;
Retraso Compagnia;13;6656;
Retraso NAS;8;6657;
Retraso Previo;2;6658;
Retraso Compagnia;19;6659;
Retraso NAS;27;6660;
Retraso Compagnia;19;6661;
Retraso Compagnia;9;6662;
Retraso NAS;17;6663;
Retraso Compagnia;11;6664;
Retraso NAS;4;6665;
Retraso NAS;15;6666;
Retraso NAS;17;6667;
Retraso Compagnia;23;6668;
Retraso NAS;27;6669;
Retraso Compagnia;65;6670;
Retraso NAS;10;6671;
Retraso NAS;20;6672;
Retraso NAS;20;6673;
Retraso Compagnia;17;6674;
Retraso NAS;2;6675;
Retraso Compagnia;8;6676;
Retraso NAS;13;6677;
Retraso Compagnia;41;6678;
Retraso NAS;13;6679;
Retraso Previo;7;6680;
Retraso NAS;33;6681;
Retraso Compagnia;3;6682;
Retraso NAS;6;6683;
Retraso Previo;17;6684;
Retraso Compagnia;26;6685;
Retraso NAS;4;6686;
Retraso Compagnia;16;6687;
Retraso NAS;15;6688;
Retraso NAS;17;6689;
Retraso Compagnia;17;6690;
Retraso NAS;23;6691;
Retraso NAS;30;6692;
Retraso NAS;19;6693;
Retraso Previo;13;6694;
Retraso Compagnia;14;6695;
Retraso NAS;15;6696;
Retraso Compagnia;9;6697;
Retraso NAS;11;6698;
Retraso Meteorologico;43;6699;
Retraso NAS;33;6700;
Retraso Meteorologico;2;6701;
Retraso Previo;24;6702;
Retraso Previo;68;6703;
Retraso Previo;31;6704;
Retraso Compagnia;11;6705;
Retraso NAS;8;6706;
Retraso NAS;52;6707;
Retraso Compagnia;49;6708;
Retraso Previo;1;6709;
Retraso Compagnia;10;6710;
Retraso NAS;11;6711;
Retraso NAS;17;6712;
Retraso Compagnia;23;6713;
Retraso NAS;15;6714;
Retraso Compagnia;9;6715;
Retraso NAS;20;6716;
Retraso Previo;4;6717;
Retraso NAS;28;6718;
Retraso NAS;15;6719;
Retraso NAS;33;6720;
Retraso Compagnia;105;6721;
Retraso NAS;4;6722;
Retraso Compagnia;11;6723;
Retraso Previo;301;6724;
Retraso NAS;21;6725;
Retraso Compagnia;29;6726;
Retraso Compagnia;48;6727;
Retraso NAS;115;6728;
Retraso NAS;17;6729;
Retraso NAS;19;6730;
Retraso Compagnia;11;6731;
Retraso NAS;7;6732;
Retraso Previo;7;6733;
Retraso NAS;104;6734;
Retraso Compagnia;28;6735;
Retraso NAS;8;6736;
Retraso NAS;148;6737;
Retraso NAS;17;6738;
Retraso Compagnia;26;6739;
Retraso Meteorologico;64;6740;
Retraso NAS;27;6741;
Retraso Compagnia;26;6742;
Retraso Compagnia;1;6743;
Retraso NAS;21;6744;
Retraso Previo;25;6745;
Retraso Compagnia;16;6746;
Retraso NAS;1;6747;
Retraso NAS;24;6748;
Retraso Compagnia;10;6749;
Retraso NAS;21;6750;
Retraso Compagnia;69;6751;
Retraso Meteorologico;30;6752;
Retraso Compagnia;31;6753;
Retraso NAS;16;6754;
Retraso NAS;26;6755;
Retraso NAS;30;6756;
Retraso Compagnia;15;6757;
Retraso Compagnia;9;6758;
Retraso NAS;17;6759;
Retraso Previo;15;6760;
Retraso Compagnia;34;6761;
Retraso Meteorologico;17;6762;
Retraso Compagnia;20;6763;
Retraso Compagnia;18;6764;
Retraso Compagnia;21;6765;
Retraso Compagnia;9;6766;
Retraso NAS;16;6767;
Retraso NAS;24;6768;
Retraso NAS;30;6769;
Retraso Compagnia;5;6770;
Retraso Previo;25;6771;
Retraso Compagnia;8;6772;
Retraso NAS;6;6773;
Retraso Previo;58;6774;
Retraso NAS;30;6775;
Retraso Compagnia;37;6776;
Retraso Compagnia;59;6777;
Retraso NAS;9;6778;
Retraso NAS;20;6779;
Retraso NAS;32;6780;
Retraso Compagnia;32;6781;
Retraso NAS;10;6782;
Retraso Previo;19;6783;
Retraso NAS;22;6784;
Retraso Compagnia;44;6785;
Retraso NAS;1;6786;
Retraso Compagnia;28;6787;
Retraso Compagnia;15;6788;
Retraso Compagnia;31;6789;
Retraso NAS;18;6790;
Retraso NAS;37;6791;
Retraso NAS;21;6792;
Retraso NAS;11;6793;
Retraso Previo;19;6794;
Retraso Compagnia;40;6795;
Retraso NAS;34;6796;
Retraso Compagnia;110;6797;
Retraso Compagnia;21;6798;
Retraso NAS;82;6799;
Retraso Compagnia;16;6800;
Retraso NAS;23;6801;
Retraso Previo;72;6802;
Retraso NAS;20;6803;
Retraso Compagnia;18;6804;
Retraso Compagnia;12;6805;
Retraso NAS;7;6806;
Retraso NAS;99;6807;
Retraso NAS;17;6808;
Retraso NAS;34;6809;
Retraso Compagnia;8;6810;
Retraso NAS;7;6811;
Retraso Compagnia;4;6812;
Retraso Previo;11;6813;
Retraso NAS;22;6814;
Retraso Compagnia;152;6815;
Retraso Compagnia;12;6816;
Retraso NAS;5;6817;
Retraso Previo;3;6818;
Retraso NAS;20;6819;
Retraso Meteorologico;41;6820;
Retraso NAS;15;6821;
Retraso NAS;21;6822;
Retraso NAS;16;6823;
Retraso Compagnia;247;6824;
Retraso Previo;64;6825;
Retraso Compagnia;19;6826;
Retraso NAS;20;6827;
Retraso NAS;20;6828;
Retraso NAS;17;6829;
Retraso Compagnia;15;6830;
Retraso Compagnia;22;6831;
Retraso Compagnia;49;6832;
Retraso Compagnia;9;6833;
Retraso NAS;11;6834;
Retraso Previo;15;6835;
Retraso NAS;20;6836;
Retraso Compagnia;32;6837;
Retraso NAS;7;6838;
Retraso Previo;40;6839;
Retraso Compagnia;21;6840;
Retraso NAS;14;6841;
Retraso Compagnia;17;6842;
Retraso NAS;11;6843;
Retraso NAS;44;6844;
Retraso NAS;15;6845;
Retraso Previo;116;6846;
Retraso Compagnia;11;6847;
Retraso NAS;11;6848;
Retraso Compagnia;30;6849;
Retraso Meteorologico;30;6850;
Retraso Meteorologico;20;6851;
Retraso Previo;7;6852;
Retraso Meteorologico;1;6853;
Retraso NAS;1;6854;
Retraso Previo;32;6855;
Retraso Meteorologico;15;6856;
Retraso NAS;16;6857;
Retraso Meteorologico;22;6858;
Retraso NAS;55;6859;
Retraso Previo;33;6860;
Retraso Previo;18;6861;
Retraso Compagnia;19;6862;
Retraso NAS;45;6863;
Retraso NAS;41;6864;
Retraso NAS;42;6865;
Retraso NAS;24;6866;
Retraso Compagnia;41;6867;
Retraso NAS;18;6868;
Retraso NAS;25;6869;
Retraso Compagnia;20;6870;
Retraso NAS;4;6871;
Retraso NAS;17;6872;
Retraso NAS;15;6873;
Retraso NAS;22;6874;
Retraso NAS;17;6875;
Retraso Compagnia;22;6876;
Retraso NAS;3;6877;
Retraso Compagnia;26;6878;
Retraso NAS;4;6879;
Retraso NAS;25;6880;
Retraso Compagnia;36;6881;
Retraso Compagnia;12;6882;
Retraso NAS;13;6883;
Retraso Compagnia;27;6884;
Retraso NAS;4;6885;
Retraso Compagnia;69;6886;
Retraso NAS;18;6887;
Retraso Compagnia;4;6888;
Retraso Previo;83;6889;
Retraso NAS;5;6890;
Retraso Previo;69;6891;
Retraso NAS;33;6892;
Retraso Previo;31;6893;
Retraso Compagnia;251;6894;
Retraso NAS;9;6895;
Retraso Meteorologico;29;6896;
Retraso NAS;20;6897;
Retraso Meteorologico;33;6898;
Retraso Compagnia;33;6899;
Retraso Compagnia;16;6900;
Retraso Previo;46;6901;
Retraso Compagnia;15;6902;
Retraso NAS;5;6903;
Retraso Compagnia;132;6904;
Retraso Compagnia;12;6905;
Retraso NAS;5;6906;
Retraso NAS;17;6907;
Retraso Compagnia;17;6908;
Retraso Compagnia;46;6909;
Retraso Compagnia;66;6910;
Retraso Previo;3;6911;
Retraso NAS;17;6912;
Retraso Compagnia;7;6913;
Retraso NAS;7;6914;
Retraso Previo;7;6915;
Retraso NAS;12;6916;
Retraso Previo;16;6917;
Retraso Compagnia;20;6918;
Retraso Compagnia;11;6919;
Retraso NAS;13;6920;
Retraso Previo;37;6921;
Retraso NAS;21;6922;
Retraso NAS;37;6923;
Retraso Meteorologico;19;6924;
Retraso NAS;20;6925;
Retraso Compagnia;12;6926;
Retraso Previo;59;6927;
Retraso Compagnia;82;6928;
Retraso NAS;48;6931;
Retraso Compagnia;60;6932;
Retraso NAS;11;6933;
Retraso Compagnia;75;6935;
Retraso NAS;20;6936;
Retraso Compagnia;24;6937;
Retraso Compagnia;20;6938;
Retraso NAS;2;6939;
Retraso NAS;37;6940;
Retraso Compagnia;5;6944;
Retraso NAS;11;6945;
Retraso Compagnia;10;6946;
Retraso NAS;14;6947;
Retraso Compagnia;73;6948;
Retraso Compagnia;20;6949;
Retraso NAS;17;6950;
Retraso Compagnia;77;6951;
Retraso Compagnia;13;6952;
Retraso NAS;13;6953;
Retraso Compagnia;23;6954;
Retraso NAS;19;6955;
Retraso NAS;29;6956;
Retraso Compagnia;72;6957;
Retraso Compagnia;35;6958;
Retraso Compagnia;39;6959;
Retraso NAS;12;6960;
Retraso Compagnia;65;6962;
Retraso Compagnia;67;6963;
Retraso Compagnia;70;6964;
Retraso Compagnia;17;6965;
Retraso NAS;60;6966;
Retraso Meteorologico;69;6967;
Retraso NAS;7;6968;
Retraso Compagnia;49;6970;
Retraso Compagnia;20;6971;
Retraso NAS;9;6972;
Retraso NAS;23;6973;
Retraso Compagnia;35;6974;
Retraso Compagnia;24;6975;
Retraso Compagnia;16;6976;
Retraso Compagnia;31;6977;
Retraso Compagnia;31;6979;
Retraso Meteorologico;25;6980;
Retraso NAS;5;6981;
Retraso Compagnia;10;6982;
Retraso NAS;7;6983;
Retraso Compagnia;155;6984;
Retraso NAS;8;6985;
Retraso NAS;17;6986;
Retraso NAS;17;6987;
Retraso NAS;53;6989;
Retraso NAS;100;6990;
Retraso NAS;30;6991;
Retraso NAS;83;6992;
Retraso NAS;37;6993;
Retraso NAS;73;6994;
Retraso Meteorologico;17;6995;
Retraso NAS;41;6996;
Retraso Meteorologico;15;6998;
Retraso NAS;6;6999;
Retraso Meteorologico;35;7000;
Retraso NAS;3;7001;
Retraso Compagnia;23;7003;
Retraso Compagnia;20;7004;
Retraso NAS;28;7005;
Retraso Compagnia;23;7006;
Retraso NAS;20;7007;
Retraso Compagnia;16;7008;
Retraso NAS;4;7009;
Retraso Compagnia;2;7010;
Retraso NAS;19;7011;
Retraso NAS;17;7012;
Retraso NAS;25;7013;
Retraso Compagnia;25;7014;
Retraso Meteorologico;30;7015;
Retraso NAS;20;7016;
Retraso NAS;49;7017;
Retraso Compagnia;32;7018;
Retraso Compagnia;70;7019;
Retraso NAS;10;7020;
Retraso NAS;19;7021;
Retraso NAS;39;7022;
Retraso Compagnia;40;7023;
Retraso NAS;15;7024;
Retraso Compagnia;80;7026;
Retraso NAS;35;7027;
Retraso NAS;15;7028;
Retraso Meteorologico;57;7029;
Retraso NAS;61;7031;
Retraso NAS;26;7032;
Retraso Compagnia;25;7033;
Retraso Compagnia;17;7034;
Retraso Compagnia;10;7035;
Retraso NAS;23;7036;
Retraso NAS;18;7037;
Retraso Compagnia;90;7038;
Retraso NAS;6;7039;
Retraso NAS;35;7041;
Retraso NAS;15;7042;
Retraso NAS;16;7043;
Retraso NAS;25;7044;
Retraso Compagnia;10;7045;
Retraso NAS;5;7046;
Retraso Compagnia;16;7047;
Retraso Compagnia;17;7048;
Retraso NAS;10;7049;
Retraso Compagnia;55;7050;
Retraso NAS;14;7051;
Retraso Compagnia;34;7052;
Retraso Compagnia;165;7053;
Retraso NAS;19;7054;
Retraso Compagnia;20;7055;
Retraso NAS;5;7056;
Retraso Compagnia;115;7057;
Retraso Meteorologico;29;7058;
Retraso Meteorologico;40;7059;
Retraso NAS;3;7060;
Retraso Compagnia;20;7061;
Retraso NAS;4;7062;
Retraso Compagnia;38;7063;
Retraso Compagnia;32;7064;
Retraso Compagnia;17;7067;
Retraso Compagnia;30;7068;
Retraso Meteorologico;55;7069;
Retraso NAS;2;7070;
Retraso Meteorologico;29;7071;
Retraso NAS;11;7072;
Retraso Compagnia;41;7073;
Retraso NAS;2;7074;
Retraso Meteorologico;10;7075;
Retraso NAS;19;7076;
Retraso NAS;29;7077;
Retraso NAS;18;7078;
Retraso Compagnia;48;7079;
Retraso Compagnia;10;7080;
Retraso NAS;17;7081;
Retraso NAS;31;7082;
Retraso NAS;37;7083;
Retraso NAS;15;7084;
Retraso NAS;309;7085;
Retraso Compagnia;70;7086;
Retraso Meteorologico;399;7087;
Retraso Compagnia;40;7088;
Retraso Compagnia;7;7089;
Retraso NAS;10;7090;
Retraso Meteorologico;139;7091;
Retraso NAS;19;7092;
Retraso Meteorologico;45;7093;
Retraso NAS;6;7094;
Retraso Compagnia;37;7095;
Retraso Meteorologico;43;7096;
Retraso Previo;21;7097;
Retraso Compagnia;65;7098;
Retraso NAS;28;7099;
Retraso Compagnia;24;7100;
Retraso Compagnia;60;7101;
Retraso NAS;19;7102;
Retraso Compagnia;18;7103;
Retraso NAS;35;7104;
Retraso Compagnia;92;7105;
Retraso Compagnia;17;7106;
Retraso NAS;2;7107;
Retraso Meteorologico;22;7108;
Retraso NAS;21;7109;
Retraso Compagnia;260;7110;
Retraso NAS;9;7111;
Retraso NAS;32;7112;
Retraso Compagnia;85;7113;
Retraso NAS;31;7114;
Retraso Meteorologico;23;7115;
Retraso NAS;10;7116;
Retraso NAS;82;7117;
Retraso Compagnia;83;7119;
Retraso NAS;3;7120;
Retraso Meteorologico;60;7121;
Retraso NAS;3;7122;
Retraso Compagnia;93;7123;
Retraso Compagnia;22;7124;
Retraso Compagnia;43;7125;
Retraso NAS;20;7126;
Retraso Meteorologico;4;7128;
Retraso NAS;39;7129;
Retraso NAS;25;7130;
Retraso Compagnia;26;7132;
Retraso Meteorologico;175;7133;
Retraso NAS;27;7134;
Retraso Meteorologico;45;7136;
Retraso Compagnia;20;7137;
Retraso NAS;6;7138;
Retraso Meteorologico;110;7139;
Retraso NAS;21;7140;
Retraso NAS;75;7141;
Retraso Compagnia;31;7142;
Retraso NAS;179;7143;
Retraso Compagnia;88;7144;
Retraso Compagnia;20;7145;
Retraso NAS;16;7146;
Retraso Compagnia;28;7147;
Retraso Compagnia;20;7149;
Retraso NAS;8;7150;
Retraso Compagnia;65;7151;
Retraso NAS;3;7152;
Retraso Compagnia;20;7153;
Retraso NAS;5;7154;
Retraso NAS;20;7155;
Retraso NAS;16;7156;
Retraso NAS;25;7157;
Retraso Meteorologico;75;7158;
Retraso NAS;65;7159;
Retraso Meteorologico;15;7160;
Retraso NAS;15;7161;
Retraso Compagnia;19;7164;
Retraso NAS;34;7165;
Retraso Compagnia;65;7167;
Retraso NAS;4;7168;
Retraso NAS;25;7169;
Retraso NAS;15;7170;
Retraso Compagnia;24;7171;
Retraso NAS;27;7172;
Retraso Meteorologico;15;7174;
Retraso NAS;1;7175;
Retraso NAS;17;7177;
Retraso Meteorologico;35;7178;
Retraso NAS;69;7179;
Retraso Meteorologico;45;7180;
Retraso Compagnia;10;7181;
Retraso NAS;10;7182;
Retraso Meteorologico;15;7183;
Retraso NAS;11;7184;
Retraso Compagnia;34;7185;
Retraso Meteorologico;55;7186;
Retraso NAS;11;7187;
Retraso Compagnia;33;7188;
Retraso Meteorologico;81;7189;
Retraso NAS;15;7190;
Retraso NAS;20;7191;
Retraso Meteorologico;61;7192;
Retraso NAS;3;7193;
Retraso Compagnia;33;7194;
Retraso NAS;15;7195;
Retraso NAS;67;7196;
Retraso Meteorologico;80;7197;
Retraso NAS;20;7198;
Retraso NAS;49;7199;
Retraso Meteorologico;10;7200;
Retraso NAS;75;7201;
Retraso Compagnia;15;7202;
Retraso NAS;13;7203;
Retraso NAS;15;7204;
Retraso Compagnia;53;7205;
Retraso Compagnia;50;7206;
Retraso NAS;4;7207;
Retraso Compagnia;25;7208;
Retraso Compagnia;15;7209;
Retraso NAS;3;7210;
Retraso Compagnia;50;7211;
Retraso NAS;26;7212;
Retraso NAS;15;7213;
Retraso NAS;25;7214;
Retraso Compagnia;15;7215;
Retraso Compagnia;16;7216;
Retraso NAS;6;7217;
Retraso Compagnia;48;7218;
Retraso NAS;10;7219;
Retraso NAS;24;7220;
Retraso Meteorologico;42;7221;
Retraso Compagnia;94;7222;
Retraso NAS;8;7223;
Retraso Previo;19;7224;
Retraso Previo;33;7225;
Retraso NAS;17;7226;
Retraso Meteorologico;17;7227;
Retraso NAS;18;7228;
Retraso Compagnia;25;7229;
Retraso NAS;13;7230;
Retraso NAS;28;7231;
Retraso Meteorologico;25;7232;
Retraso NAS;31;7233;
Retraso Compagnia;23;7234;
Retraso NAS;12;7235;
Retraso Compagnia;8;7236;
Retraso NAS;22;7237;
Retraso Compagnia;20;7239;
Retraso NAS;8;7240;
Retraso Compagnia;80;7242;
Retraso NAS;19;7243;
Retraso NAS;233;7245;
Retraso Compagnia;31;7246;
Retraso NAS;18;7247;
Retraso Compagnia;26;7248;
Retraso Compagnia;50;7250;
Retraso Compagnia;28;7251;
Retraso NAS;15;7259;
Retraso Compagnia;24;7260;
Retraso Previo;4;7261;
Retraso Previo;21;7262;
Retraso NAS;19;7263;
Retraso Compagnia;32;7264;
Retraso Compagnia;69;7265;
Retraso NAS;1;7266;
Retraso NAS;26;7267;
Retraso Previo;1;7268;
Retraso Compagnia;15;7269;
Retraso Previo;23;7270;
Retraso NAS;15;7271;
Retraso Compagnia;18;7272;
Retraso Compagnia;11;7273;
Retraso NAS;4;7274;
Retraso Compagnia;1;7275;
Retraso NAS;12;7276;
Retraso Previo;2;7277;
Retraso NAS;37;7278;
Retraso Previo;22;7279;
Retraso Previo;23;7280;
Retraso Previo;111;7281;
Retraso Compagnia;70;7282;
Retraso Previo;110;7283;
Retraso Compagnia;42;7284;
Retraso NAS;8;7285;
Retraso Previo;2;7286;
Retraso Compagnia;171;7287;
Retraso NAS;27;7288;
Retraso Previo;5;7289;
Retraso Previo;53;7290;
Retraso NAS;23;7291;
Retraso Compagnia;17;7292;
Retraso Compagnia;3;7293;
Retraso NAS;16;7294;
Retraso NAS;12;7295;
Retraso Previo;5;7296;
Retraso NAS;45;7297;
Retraso Previo;177;7298;
Retraso Compagnia;16;7299;
Retraso NAS;10;7301;
Retraso Previo;183;7302;
Retraso Compagnia;240;7303;
Retraso Compagnia;12;7304;
Retraso NAS;4;7305;
Retraso NAS;15;7306;
Retraso Previo;130;7308;
Retraso Previo;18;7310;
Retraso Compagnia;2;7311;
Retraso NAS;65;7312;
Retraso NAS;19;7313;
Retraso Compagnia;22;7314;
Retraso Compagnia;50;7315;
Retraso NAS;20;7316;
Retraso Previo;24;7317;
Retraso Compagnia;9;7318;
Retraso NAS;8;7319;
Retraso Meteorologico;135;7320;
Retraso NAS;9;7321;
Retraso Previo;132;7322;
Retraso Previo;34;7323;
Retraso Compagnia;16;7324;
Retraso Compagnia;22;7325;
Retraso NAS;1;7326;
Retraso Previo;1;7327;
Retraso Previo;42;7328;
Retraso Compagnia;9;7329;
Retraso NAS;31;7330;
Retraso Previo;28;7331;
Retraso NAS;22;7332;
Retraso Compagnia;2;7333;
Retraso NAS;8;7334;
Retraso Previo;10;7335;
Retraso NAS;22;7336;
Retraso Previo;19;7337;
Retraso Meteorologico;47;7338;
Retraso Previo;19;7339;
Retraso Meteorologico;74;7340;
Retraso Previo;17;7341;
Retraso NAS;85;7342;
Retraso Compagnia;20;7343;
Retraso NAS;6;7345;
Retraso Previo;13;7346;
Retraso Compagnia;1;7348;
Retraso NAS;42;7349;
Retraso Previo;34;7351;
Retraso NAS;105;7353;
Retraso Meteorologico;90;7355;
Retraso Previo;1;7356;
Retraso Previo;60;7357;
Retraso Meteorologico;1;7358;
Retraso Previo;60;7359;
Retraso Previo;85;7360;
Retraso Meteorologico;68;7361;
Retraso NAS;9;7362;
Retraso NAS;1;7363;
Retraso Previo;70;7364;
Retraso Previo;61;7365;
Retraso NAS;4;7366;
Retraso Previo;59;7367;
Retraso Previo;76;7368;
Retraso Previo;74;7369;
Retraso Previo;40;7370;
Retraso Previo;37;7371;
Retraso Previo;32;7372;
Retraso NAS;1;7373;
Retraso Previo;32;7374;
Retraso NAS;3;7375;
Retraso Previo;38;7376;
Retraso NAS;89;7377;
Retraso Compagnia;8;7378;
Retraso Previo;95;7379;
Retraso NAS;16;7380;
Retraso Compagnia;6;7381;
Retraso Previo;16;7382;
Retraso Previo;103;7383;
Retraso Previo;26;7384;
Retraso Previo;41;7385;
Retraso Previo;30;7386;
Retraso NAS;16;7387;
Retraso NAS;54;7388;
Retraso Previo;105;7389;
Retraso NAS;5;7390;
Retraso Previo;27;7391;
Retraso NAS;28;7392;
Retraso Compagnia;6;7393;
Retraso NAS;4;7394;
Retraso Previo;28;7395;
Retraso Meteorologico;115;7396;
Retraso Previo;89;7397;
Retraso Previo;78;7398;
Retraso Previo;24;7399;
Retraso NAS;6;7400;
Retraso Previo;57;7401;
Retraso Compagnia;8;7402;
Retraso NAS;1;7403;
Retraso Previo;9;7404;
Retraso Previo;16;7405;
Retraso Previo;23;7406;
Retraso Compagnia;19;7407;
Retraso Previo;57;7408;
Retraso Previo;65;7409;
Retraso NAS;19;7410;
Retraso Compagnia;3;7411;
Retraso NAS;3;7412;
Retraso Previo;79;7413;
Retraso Previo;118;7414;
Retraso Compagnia;35;7415;
Retraso NAS;17;7416;
Retraso Previo;71;7417;
Retraso Previo;71;7418;
Retraso NAS;12;7419;
Retraso Previo;17;7420;
Retraso NAS;69;7421;
Retraso Meteorologico;12;7422;
Retraso NAS;26;7423;
Retraso Compagnia;4;7424;
Retraso NAS;1;7425;
Retraso Previo;66;7426;
Retraso Previo;59;7427;
Retraso NAS;5;7428;
Retraso Previo;18;7429;
Retraso NAS;1;7430;
Retraso Previo;27;7431;
Retraso Previo;109;7432;
Retraso Previo;55;7434;
Retraso Previo;44;7435;
Retraso Compagnia;6;7436;
Retraso NAS;29;7437;
Retraso Previo;9;7438;
Retraso NAS;8;7439;
Retraso Previo;38;7440;
Retraso Previo;30;7441;
Retraso Compagnia;1;7442;
Retraso Previo;21;7443;
Retraso Previo;95;7444;
Retraso Previo;87;7445;
Retraso NAS;3;7446;
Retraso Previo;44;7447;
Retraso Previo;20;7448;
Retraso Previo;84;7449;
Retraso Previo;77;7450;
Retraso Previo;37;7451;
Retraso Compagnia;3;7452;
Retraso NAS;2;7453;
Retraso Previo;37;7454;
Retraso Compagnia;6;7455;
Retraso NAS;4;7456;
Retraso Previo;47;7457;
Retraso NAS;26;7458;
Retraso Previo;2;7459;
Retraso Previo;58;7460;
Retraso Compagnia;2;7461;
Retraso NAS;9;7462;
Retraso Previo;12;7463;
Retraso Previo;46;7464;
Retraso Previo;33;7465;
Retraso Previo;17;7466;
Retraso NAS;78;7467;
Retraso Previo;18;7468;
Retraso Compagnia;15;7469;
Retraso Previo;3;7470;
Retraso Compagnia;5;7471;
Retraso Previo;35;7472;
Retraso Compagnia;159;7473;
Retraso NAS;5;7474;
Retraso Compagnia;6;7475;
Retraso NAS;4;7476;
Retraso Previo;104;7477;
Retraso NAS;12;7478;
Retraso Previo;18;7479;
Retraso Previo;30;7480;
Retraso NAS;6;7481;
Retraso Previo;13;7482;
Retraso Compagnia;28;7483;
Retraso Previo;76;7484;
Retraso Compagnia;35;7485;
Retraso NAS;3;7486;
Retraso Previo;49;7487;
Retraso NAS;10;7488;
Retraso Previo;75;7489;
Retraso Compagnia;20;7490;
Retraso Previo;29;7491;
Retraso NAS;15;7492;
Retraso NAS;81;7493;
Retraso NAS;6;7494;
Retraso Previo;52;7495;
Retraso NAS;4;7497;
Retraso Previo;29;7498;
Retraso Compagnia;22;7499;
Retraso Previo;72;7504;
Retraso Previo;58;7505;
Retraso Previo;106;7508;
Retraso NAS;85;7509;
Retraso NAS;116;7510;
Retraso Meteorologico;17;7511;
Retraso Meteorologico;3;7512;
Retraso NAS;41;7513;
Retraso Previo;39;7514;
Retraso Previo;32;7515;
Retraso NAS;10;7516;
Retraso Previo;11;7517;
Retraso NAS;35;7518;
Retraso NAS;22;7519;
Retraso Previo;100;7520;
Retraso Previo;66;7521;
Retraso NAS;29;7522;
Retraso Previo;6;7523;
Retraso Previo;21;7524;
Retraso Compagnia;34;7525;
Retraso NAS;12;7526;
Retraso Compagnia;8;7527;
Retraso NAS;10;7528;
Retraso Previo;34;7529;
Retraso Compagnia;10;7530;
Retraso Previo;32;7531;
Retraso Previo;89;7535;
Retraso Previo;27;7536;
Retraso Previo;32;7537;
Retraso Previo;62;7538;
Retraso Previo;21;7539;
Retraso Previo;69;7540;
Retraso NAS;4;7541;
Retraso Previo;11;7542;
Retraso NAS;72;7543;
Retraso Previo;4;7544;
Retraso NAS;31;7545;
Retraso Compagnia;34;7546;
Retraso NAS;3;7547;
Retraso Compagnia;37;7548;
Retraso NAS;9;7549;
Retraso NAS;6;7550;
Retraso Previo;41;7551;
Retraso NAS;21;7552;
Retraso Previo;27;7553;
Retraso Meteorologico;47;7555;
Retraso NAS;53;7557;
Retraso Previo;32;7558;
Retraso NAS;85;7560;
Retraso Compagnia;82;7561;
Retraso NAS;7;7562;
Retraso Meteorologico;27;7563;
Retraso NAS;4;7564;
Retraso NAS;105;7565;
Retraso NAS;8;7566;
Retraso Previo;34;7567;
Retraso NAS;19;7568;
Retraso Previo;82;7569;
Retraso Previo;58;7570;
Retraso Compagnia;52;7571;
Retraso Previo;2;7572;
Retraso NAS;22;7573;
Retraso Previo;57;7574;
Retraso NAS;5;7575;
Retraso Previo;11;7576;
Retraso Previo;73;7577;
Retraso Previo;73;7579;
Retraso Previo;20;7580;
Retraso Previo;50;7581;
Retraso NAS;1;7582;
Retraso Previo;125;7583;
Retraso Previo;20;7584;
Retraso Previo;32;7585;
Retraso Compagnia;38;7586;
Retraso NAS;3;7587;
Retraso Previo;61;7589;
Retraso Previo;78;7590;
Retraso Compagnia;13;7591;
Retraso Previo;5;7592;
Retraso Previo;72;7593;
Retraso Previo;51;7594;
Retraso Compagnia;138;7595;
Retraso Previo;84;7596;
Retraso Previo;84;7597;
Retraso Compagnia;4;7598;
Retraso Previo;138;7599;
Retraso Compagnia;78;7600;
Retraso Previo;57;7601;
Retraso Compagnia;28;7602;
Retraso NAS;2;7603;
Retraso Compagnia;10;7604;
Retraso NAS;13;7605;
Retraso Previo;8;7606;
Retraso Compagnia;36;7607;
Retraso NAS;1;7608;
Retraso Previo;30;7609;
Retraso Compagnia;2;7610;
Retraso NAS;16;7611;
Retraso Previo;4;7612;
Retraso Previo;21;7613;
Retraso NAS;4;7614;
Retraso Previo;14;7615;
Retraso Meteorologico;105;7616;
Retraso NAS;3;7617;
Retraso Meteorologico;2;7618;
Retraso NAS;20;7619;
Retraso NAS;66;7620;
Retraso Previo;11;7621;
Retraso Previo;47;7622;
Retraso NAS;11;7623;
Retraso Previo;46;7624;
Retraso Previo;29;7627;
Retraso Compagnia;49;7628;
Retraso Previo;38;7629;
Retraso NAS;90;7630;
Retraso Previo;2;7631;
Retraso NAS;1;7632;
Retraso Previo;39;7633;
Retraso Previo;48;7634;
Retraso Compagnia;8;7635;
Retraso NAS;13;7636;
Retraso Previo;28;7637;
Retraso NAS;16;7639;
Retraso Previo;7;7640;
Retraso Compagnia;2;7641;
Retraso Previo;21;7642;
Retraso NAS;9;7643;
Retraso Previo;8;7644;
Retraso NAS;72;7645;
Retraso Compagnia;22;7647;
Retraso NAS;5;7648;
Retraso Previo;24;7649;
Retraso NAS;4;7650;
Retraso Previo;32;7651;
Retraso Previo;29;7652;
Retraso Previo;51;7653;
Retraso Previo;60;7654;
Retraso Previo;55;7655;
Retraso NAS;4;7656;
Retraso Previo;77;7657;
Retraso Previo;29;7658;
Retraso Previo;25;7659;
Retraso Compagnia;25;7660;
Retraso Previo;8;7661;
Retraso Previo;82;7662;
Retraso Compagnia;31;7663;
Retraso Previo;25;7664;
Retraso Previo;21;7665;
Retraso Previo;37;7666;
Retraso Previo;31;7667;
Retraso Seguridad;21;7668;
Retraso Meteorologico;157;7669;
Retraso NAS;1;7670;
Retraso Previo;62;7671;
Retraso Previo;63;7672;
Retraso Meteorologico;40;7673;
Retraso Compagnia;96;7674;
Retraso Previo;17;7675;
Retraso NAS;20;7676;
Retraso Compagnia;3;7677;
Retraso Previo;14;7678;
Retraso Previo;23;7679;
Retraso Previo;37;7680;
Retraso Compagnia;14;7681;
Retraso Previo;4;7682;
Retraso Compagnia;88;7684;
Retraso NAS;4;7685;
Retraso NAS;48;7686;
Retraso Previo;23;7687;
Retraso Previo;36;7688;
Retraso NAS;67;7689;
Retraso Previo;9;7690;
Retraso Previo;63;7691;
Retraso Compagnia;15;7692;
Retraso NAS;11;7693;
Retraso Previo;3;7694;
Retraso Previo;59;7695;
Retraso Previo;24;7696;
Retraso NAS;15;7697;
Retraso Previo;67;7698;
Retraso Previo;70;7699;
Retraso Previo;27;7700;
Retraso NAS;2;7701;
Retraso Previo;53;7702;
Retraso Previo;32;7703;
Retraso Previo;21;7705;
Retraso NAS;80;7706;
Retraso NAS;154;7707;
Retraso Previo;3;7708;
Retraso NAS;85;7709;
Retraso Previo;13;7710;
Retraso Compagnia;106;7711;
Retraso Meteorologico;1;7712;
Retraso NAS;3;7713;
Retraso Previo;27;7714;
Retraso NAS;54;7715;
Retraso Previo;6;7716;
Retraso Previo;100;7717;
Retraso Compagnia;20;7718;
Retraso NAS;16;7719;
Retraso Previo;148;7720;
Retraso Previo;71;7721;
Retraso NAS;2;7722;
Retraso Previo;18;7723;
Retraso Previo;35;7724;
Retraso NAS;35;7725;
Retraso Compagnia;31;7726;
Retraso NAS;1;7727;
Retraso Previo;82;7728;
Retraso NAS;26;7729;
Retraso NAS;19;7730;
Retraso NAS;32;7731;
Retraso Previo;5;7732;
Retraso NAS;30;7733;
Retraso Previo;33;7734;
Retraso Previo;45;7735;
Retraso Compagnia;34;7736;
Retraso Compagnia;31;7737;
Retraso NAS;5;7738;
Retraso Previo;15;7739;
Retraso Previo;19;7740;
Retraso Compagnia;98;7741;
Retraso NAS;5;7742;
Retraso NAS;22;7743;
Retraso Previo;15;7744;
Retraso NAS;41;7745;
Retraso Compagnia;6;7746;
Retraso Previo;21;7747;
Retraso NAS;15;7748;
Retraso Compagnia;2;7749;
Retraso NAS;1;7750;
Retraso Previo;112;7751;
Retraso NAS;51;7752;
Retraso NAS;28;7753;
Retraso Previo;76;7754;
Retraso Previo;38;7755;
Retraso NAS;26;7756;
Retraso Previo;92;7757;
Retraso Previo;124;7758;
Retraso NAS;108;7759;
Retraso NAS;127;7760;
Retraso Compagnia;10;7761;
Retraso NAS;9;7762;
Retraso NAS;90;7763;
Retraso Previo;15;7764;
Retraso NAS;117;7765;
Retraso Previo;15;7766;
Retraso NAS;9;7767;
Retraso Previo;11;7768;
Retraso Previo;55;7769;
Retraso Compagnia;37;7770;
Retraso NAS;4;7771;
Retraso Compagnia;16;7772;
Retraso NAS;67;7773;
Retraso Previo;28;7774;
Retraso NAS;58;7775;
Retraso Previo;1;7776;
Retraso Compagnia;12;7777;
Retraso Previo;95;7778;
Retraso Previo;54;7779;
Retraso NAS;102;7780;
Retraso NAS;86;7781;
Retraso Previo;1;7782;
Retraso NAS;52;7783;
Retraso Previo;118;7784;
Retraso NAS;153;7785;
Retraso NAS;57;7786;
Retraso Previo;1;7787;
Retraso NAS;124;7789;
Retraso Previo;11;7790;
Retraso Compagnia;2;7791;
Retraso NAS;25;7792;
Retraso NAS;116;7793;
Retraso Compagnia;15;7794;
Retraso Compagnia;118;7795;
Retraso NAS;8;7796;
Retraso NAS;11;7797;
Retraso Previo;62;7798;
Retraso Previo;59;7799;
Retraso NAS;20;7800;
Retraso NAS;15;7801;
Retraso Compagnia;40;7802;
Retraso Compagnia;16;7803;
Retraso Previo;4;7804;
Retraso Compagnia;5;7805;
Retraso NAS;18;7806;
Retraso Previo;1;7807;
Retraso Compagnia;7;7808;
Retraso NAS;15;7809;
Retraso Previo;14;7810;
Retraso Compagnia;4;7811;
Retraso NAS;23;7812;
Retraso Previo;83;7813;
Retraso Compagnia;3;7814;
Retraso NAS;16;7815;
Retraso Previo;49;7816;
Retraso NAS;125;7817;
Retraso NAS;118;7818;
Retraso Previo;6;7819;
Retraso Compagnia;85;7820;
Retraso NAS;15;7821;
Retraso Previo;5;7822;
Retraso NAS;107;7823;
Retraso NAS;91;7824;
Retraso Previo;44;7825;
Retraso Previo;128;7826;
Retraso NAS;14;7827;
Retraso Previo;2;7828;
Retraso NAS;17;7829;
Retraso NAS;112;7831;
Retraso NAS;118;7832;
Retraso Previo;16;7833;
Retraso Previo;16;7834;
Retraso NAS;116;7835;
Retraso Previo;17;7836;
Retraso NAS;6;7839;
Retraso Previo;11;7840;
Retraso Previo;17;7841;
Retraso Previo;52;7842;
Retraso Compagnia;79;7843;
Retraso NAS;109;7844;
Retraso NAS;79;7845;
Retraso Compagnia;83;7846;
Retraso Compagnia;124;7847;
Retraso NAS;142;7848;
Retraso NAS;15;7849;
Retraso Previo;122;7850;
Retraso Compagnia;19;7851;
Retraso Previo;28;7852;
Retraso NAS;79;7853;
Retraso Previo;47;7854;
Retraso NAS;97;7855;
Retraso Previo;36;7856;
Retraso NAS;18;7857;
Retraso Previo;69;7858;
Retraso Compagnia;97;7859;
Retraso NAS;12;7860;
Retraso NAS;25;7861;
Retraso Previo;109;7862;
Retraso Compagnia;14;7864;
Retraso Previo;36;7865;
Retraso Compagnia;17;7866;
Retraso NAS;12;7867;
Retraso Previo;20;7868;
Retraso NAS;9;7869;
Retraso Previo;72;7870;
Retraso Previo;79;7872;
Retraso Previo;61;7873;
Retraso Previo;47;7874;
Retraso Previo;63;7875;
Retraso NAS;6;7876;
Retraso Previo;76;7877;
Retraso Previo;57;7878;
Retraso Previo;69;7879;
Retraso Previo;117;7880;
Retraso Previo;61;7881;
Retraso Compagnia;16;7883;
Retraso Previo;53;7884;
Retraso Compagnia;5;7885;
Retraso NAS;6;7886;
Retraso Previo;16;7887;
Retraso Previo;34;7888;
Retraso NAS;17;7889;
Retraso Previo;6;7890;
Retraso NAS;113;7891;
Retraso Previo;20;7892;
Retraso NAS;112;7893;
Retraso NAS;16;7894;
Retraso Previo;4;7895;
Retraso Compagnia;16;7896;
Retraso NAS;37;7897;
Retraso Previo;9;7898;
Retraso Compagnia;44;7899;
Retraso NAS;20;7900;
Retraso NAS;27;7901;
Retraso Compagnia;14;7902;
Retraso NAS;7;7903;
Retraso NAS;37;7904;
Retraso NAS;11;7905;
Retraso Previo;4;7906;
Retraso Previo;108;7907;
Retraso NAS;127;7908;
Retraso Previo;1;7909;
Retraso NAS;32;7910;
Retraso Previo;77;7911;
Retraso NAS;100;7912;
Retraso Previo;27;7913;
Retraso Previo;27;7914;
Retraso NAS;3;7915;
Retraso Previo;74;7916;
Retraso NAS;103;7917;
Retraso Previo;1;7918;
Retraso NAS;83;7919;
Retraso NAS;91;7920;
Retraso Previo;17;7921;
Retraso NAS;105;7922;
Retraso Previo;7;7923;
Retraso Compagnia;94;7924;
Retraso NAS;9;7925;
Retraso Previo;77;7926;
Retraso NAS;17;7927;
Retraso Previo;111;7928;
Retraso NAS;98;7929;
Retraso Previo;83;7930;
Retraso Previo;114;7931;
Retraso NAS;1;7932;
Retraso Previo;112;7933;
Retraso Compagnia;6;7934;
Retraso NAS;11;7935;
Retraso Previo;69;7936;
Retraso NAS;26;7937;
Retraso Previo;3;7938;
Retraso Compagnia;12;7939;
Retraso Previo;11;7940;
Retraso NAS;64;7941;
Retraso Previo;46;7942;
Retraso NAS;11;7943;
Retraso Previo;99;7944;
Retraso NAS;56;7945;
Retraso Previo;95;7946;
Retraso Compagnia;3;7947;
Retraso Previo;111;7948;
Retraso NAS;8;7949;
Retraso Previo;68;7950;
Retraso Previo;68;7951;
Retraso NAS;57;7952;
Retraso Compagnia;14;7953;
Retraso NAS;4;7954;
Retraso Compagnia;22;7955;
Retraso NAS;1;7956;
Retraso Previo;1;7957;
Retraso Previo;39;7958;
Retraso NAS;134;7959;
Retraso NAS;67;7960;
Retraso Previo;39;7961;
Retraso Previo;46;7963;
Retraso Previo;99;7964;
Retraso NAS;15;7965;
Retraso NAS;18;7966;
Retraso Previo;112;7968;
Retraso Compagnia;16;7969;
Retraso Previo;42;7970;
Retraso NAS;26;7972;
Retraso NAS;11;7973;
Retraso Previo;6;7974;
Retraso Compagnia;6;7975;
Retraso NAS;25;7976;
Retraso NAS;8;7977;
Retraso Previo;20;7978;
Retraso NAS;87;7979;
Retraso Compagnia;61;7980;
Retraso NAS;11;7981;
Retraso NAS;142;7982;
Retraso Compagnia;11;7983;
Retraso NAS;4;7984;
Retraso NAS;15;7985;
Retraso Previo;31;7986;
Retraso NAS;61;7987;
Retraso Previo;141;7988;
Retraso Previo;92;7989;
Retraso Previo;40;7990;
Retraso Previo;15;7991;
Retraso Compagnia;38;7992;
Retraso Previo;31;7993;
Retraso NAS;19;7994;
Retraso Previo;36;7995;
Retraso NAS;18;7996;
Retraso NAS;71;7997;
Retraso Previo;18;7998;
Retraso NAS;44;7999;
Retraso Previo;18;8000;
Retraso Meteorologico;33;8001;
Retraso NAS;111;8002;
Retraso NAS;94;8003;
Retraso Previo;91;8004;
Retraso Previo;112;8005;
Retraso Previo;71;8006;
Retraso Previo;19;8007;
Retraso NAS;13;8008;
Retraso Previo;2;8009;
Retraso Previo;19;8010;
Retraso Compagnia;10;8011;
Retraso NAS;8;8012;
Retraso Previo;96;8013;
Retraso NAS;5;8014;
Retraso Previo;96;8015;
Retraso NAS;42;8016;
Retraso Previo;18;8017;
Retraso NAS;82;8018;
Retraso NAS;126;8019;
Retraso NAS;18;8020;
Retraso Previo;25;8021;
Retraso NAS;36;8022;
Retraso Compagnia;13;8023;
Retraso NAS;2;8024;
Retraso Compagnia;3;8025;
Retraso NAS;20;8026;
Retraso NAS;49;8027;
Retraso Previo;2;8028;
Retraso NAS;9;8029;
Retraso Previo;19;8030;
Retraso Compagnia;3;8031;
Retraso NAS;24;8032;
Retraso Previo;36;8033;
Retraso Compagnia;5;8034;
Retraso Previo;17;8035;
Retraso Compagnia;9;8036;
Retraso NAS;2;8037;
Retraso Previo;61;8038;
Retraso NAS;5;8039;
Retraso Previo;28;8040;
Retraso Compagnia;10;8041;
Retraso NAS;7;8042;
Retraso Previo;15;8043;
Retraso Previo;20;8044;
Retraso NAS;56;8045;
Retraso Previo;32;8046;
Retraso NAS;23;8047;
Retraso Previo;5;8048;
Retraso NAS;70;8049;
Retraso NAS;7;8050;
Retraso Previo;30;8051;
Retraso Previo;30;8052;
Retraso Previo;22;8053;
Retraso Compagnia;133;8054;
Retraso Compagnia;34;8055;
Retraso Previo;24;8056;
Retraso NAS;2;8057;
Retraso Previo;21;8058;
Retraso Compagnia;28;8059;
Retraso Previo;11;8060;
Retraso Previo;62;8061;
Retraso NAS;10;8062;
Retraso Previo;86;8063;
Retraso NAS;6;8064;
Retraso Previo;128;8065;
Retraso Compagnia;1;8066;
Retraso Previo;127;8067;
Retraso Previo;86;8068;
Retraso Compagnia;95;8069;
Retraso NAS;12;8070;
Retraso NAS;1;8071;
Retraso Previo;64;8072;
Retraso Previo;83;8073;
Retraso NAS;15;8074;
Retraso Compagnia;18;8075;
Retraso NAS;3;8076;
Retraso Previo;18;8077;
Retraso Previo;17;8078;
Retraso Previo;125;8079;
Retraso NAS;2;8080;
Retraso Previo;98;8081;
Retraso NAS;20;8082;
Retraso Compagnia;25;8083;
Retraso NAS;76;8084;
Retraso NAS;35;8085;
Retraso Previo;5;8086;
Retraso NAS;27;8087;
Retraso NAS;31;8088;
Retraso Previo;1;8089;
Retraso Compagnia;47;8090;
Retraso NAS;6;8091;
Retraso Previo;51;8092;
Retraso Compagnia;47;8094;
Retraso NAS;7;8095;
Retraso Compagnia;33;8096;
Retraso NAS;9;8097;
Retraso NAS;36;8098;
Retraso Previo;42;8099;
Retraso Previo;41;8100;
Retraso NAS;63;8101;
Retraso Previo;3;8102;
Retraso Compagnia;27;8103;
Retraso NAS;5;8104;
Retraso NAS;5;8105;
Retraso Previo;22;8106;
Retraso Previo;35;8107;
Retraso NAS;104;8108;
Retraso NAS;131;8109;
Retraso NAS;7;8110;
Retraso Previo;215;8111;
Retraso NAS;3;8112;
Retraso Previo;45;8113;
Retraso NAS;17;8114;
Retraso Compagnia;14;8115;
Retraso Previo;12;8116;
Retraso Previo;21;8117;
Retraso Compagnia;56;8118;
Retraso NAS;18;8119;
Retraso Meteorologico;41;8120;
Retraso NAS;27;8121;
Retraso NAS;106;8122;
Retraso NAS;17;8123;
Retraso Previo;64;8124;
Retraso NAS;5;8125;
Retraso Previo;73;8126;
Retraso NAS;83;8127;
Retraso Previo;4;8128;
Retraso Compagnia;55;8129;
Retraso NAS;33;8130;
Retraso NAS;3;8131;
Retraso Previo;19;8132;
Retraso Previo;59;8133;
Retraso Previo;33;8134;
Retraso NAS;29;8135;
Retraso Compagnia;15;8136;
Retraso Compagnia;17;8137;
Retraso Previo;20;8138;
Retraso NAS;19;8139;
Retraso NAS;51;8140;
Retraso Compagnia;86;8141;
Retraso Previo;18;8142;
Retraso Previo;25;8143;
Retraso NAS;88;8144;
Retraso Previo;11;8145;
Retraso Compagnia;46;8146;
Retraso Previo;16;8147;
Retraso Previo;62;8148;
Retraso Previo;136;8149;
Retraso Previo;87;8150;
Retraso Compagnia;11;8151;
Retraso Previo;9;8152;
Retraso NAS;4;8153;
Retraso Seguridad;5;8154;
Retraso Previo;20;8155;
Retraso Compagnia;17;8156;
Retraso Compagnia;127;8157;
Retraso NAS;1;8158;
Retraso Previo;31;8159;
Retraso NAS;19;8160;
Retraso Compagnia;178;8161;
Retraso Compagnia;3;8162;
Retraso Previo;37;8163;
Retraso NAS;111;8164;
Retraso NAS;29;8165;
Retraso Previo;148;8166;
Retraso NAS;107;8167;
Retraso Previo;3;8168;
Retraso NAS;11;8169;
Retraso Previo;97;8170;
Retraso Previo;104;8171;
Retraso NAS;15;8172;
Retraso NAS;17;8173;
Retraso Previo;47;8174;
Retraso NAS;17;8175;
Retraso Compagnia;93;8176;
Retraso NAS;18;8177;
Retraso Previo;89;8178;
Retraso NAS;20;8179;
Retraso Previo;7;8180;
Retraso NAS;12;8181;
Retraso Previo;12;8182;
Retraso Meteorologico;58;8184;
Retraso Previo;83;8185;
Retraso NAS;144;8186;
Retraso Compagnia;17;8187;
Retraso NAS;8;8188;
Retraso Compagnia;31;8189;
Retraso Previo;5;8190;
Retraso Previo;23;8191;
Retraso NAS;16;8192;
Retraso Compagnia;126;8193;
Retraso Previo;21;8194;
Retraso Compagnia;13;8196;
Retraso Previo;57;8197;
Retraso NAS;16;8198;
Retraso Compagnia;68;8199;
Retraso NAS;3;8200;
Retraso Previo;3;8201;
Retraso Previo;19;8202;
Retraso NAS;133;8203;
Retraso Compagnia;20;8204;
Retraso NAS;12;8205;
Retraso Previo;3;8206;
Retraso Previo;130;8207;
Retraso Previo;59;8208;
Retraso NAS;36;8210;
Retraso Previo;6;8211;
Retraso NAS;22;8212;
Retraso Previo;107;8213;
Retraso NAS;128;8214;
Retraso Previo;66;8215;
Retraso NAS;135;8216;
Retraso Previo;30;8218;
Retraso NAS;3;8219;
Retraso Previo;32;8220;
Retraso Previo;48;8221;
Retraso Previo;31;8222;
Retraso Previo;79;8223;
Retraso Compagnia;32;8224;
Retraso Compagnia;10;8225;
Retraso NAS;3;8226;
Retraso Previo;6;8227;
Retraso NAS;17;8228;
Retraso Compagnia;8;8229;
Retraso NAS;17;8230;
Retraso NAS;28;8231;
Retraso Previo;28;8232;
Retraso NAS;31;8233;
Retraso Previo;68;8234;
Retraso Previo;74;8235;
Retraso Compagnia;1;8236;
Retraso NAS;8;8237;
Retraso Previo;17;8238;
Retraso NAS;143;8239;
Retraso Compagnia;10;8240;
Retraso NAS;2;8241;
Retraso Previo;20;8242;
Retraso Compagnia;1;8243;
Retraso NAS;3;8244;
Retraso Previo;40;8245;
Retraso Compagnia;59;8246;
Retraso Previo;10;8247;
Retraso Previo;56;8248;
Retraso Previo;95;8249;
Retraso Previo;52;8250;
Retraso Compagnia;35;8251;
Retraso NAS;2;8252;
Retraso Previo;20;8253;
Retraso Compagnia;23;8255;
Retraso NAS;5;8256;
Retraso Compagnia;10;8257;
Retraso NAS;8;8258;
Retraso Compagnia;23;8260;
Retraso NAS;2;8261;
Retraso Compagnia;20;8262;
Retraso NAS;19;8263;
Retraso Compagnia;24;8264;
Retraso NAS;28;8275;
Retraso NAS;31;8276;
Retraso NAS;27;8277;
Retraso NAS;126;8278;
Retraso NAS;45;8279;
Retraso Previo;9;8280;
Retraso NAS;95;8281;
Retraso Compagnia;69;8282;
Retraso NAS;40;8283;
Retraso Previo;125;8284;
Retraso NAS;27;8285;
Retraso Previo;118;8286;
Retraso NAS;15;8287;
Retraso Compagnia;14;8288;
Retraso Previo;96;8289;
Retraso Compagnia;13;8290;
Retraso Previo;23;8291;
Retraso Compagnia;41;8292;
Retraso Compagnia;9;8293;
Retraso NAS;37;8294;
Retraso NAS;20;8295;
Retraso Compagnia;31;8296;
Retraso NAS;28;8297;
Retraso Compagnia;13;8298;
Retraso NAS;11;8299;
Retraso Compagnia;63;8300;
Retraso NAS;101;8301;
Retraso Compagnia;71;8302;
Retraso Compagnia;13;8303;
Retraso NAS;11;8304;
Retraso Previo;91;8305;
Retraso Compagnia;43;8306;
Retraso NAS;18;8307;
Retraso Compagnia;15;8308;
Retraso Compagnia;37;8309;
Retraso NAS;38;8310;
Retraso Compagnia;7;8311;
Retraso NAS;20;8312;
Retraso Compagnia;29;8313;
Retraso NAS;35;8314;
Retraso NAS;19;8315;
Retraso NAS;37;8316;
Retraso NAS;20;8317;
Retraso NAS;24;8318;
Retraso Compagnia;83;8319;
Retraso NAS;23;8320;
Retraso Compagnia;56;8321;
Retraso NAS;25;8322;
Retraso NAS;71;8323;
Retraso Compagnia;11;8324;
Retraso NAS;38;8325;
Retraso NAS;4;8326;
Retraso Previo;166;8327;
Retraso Compagnia;12;8328;
Retraso Previo;112;8329;
Retraso Compagnia;7;8330;
Retraso NAS;6;8331;
Retraso Previo;133;8332;
Retraso NAS;125;8333;
Retraso NAS;50;8334;
Retraso NAS;65;8335;
Retraso NAS;17;8336;
Retraso Compagnia;64;8338;
Retraso Previo;346;8339;
Retraso Compagnia;160;8341;
Retraso Compagnia;10;8342;
Retraso NAS;13;8343;
Retraso Compagnia;8;8344;
Retraso Previo;26;8345;
Retraso Compagnia;15;8347;
Retraso Compagnia;166;8348;
Retraso NAS;19;8349;
Retraso NAS;61;8350;
Retraso Previo;2;8351;
Retraso NAS;39;8352;
Retraso NAS;73;8353;
Retraso Compagnia;5;8354;
Retraso Previo;57;8355;
Retraso Compagnia;9;8356;
Retraso Previo;112;8357;
Retraso Compagnia;29;8358;
Retraso Compagnia;14;8359;
Retraso NAS;13;8360;
Retraso Compagnia;36;8361;
Retraso NAS;26;8362;
Retraso Compagnia;9;8363;
Retraso NAS;13;8364;
Retraso NAS;23;8365;
Retraso NAS;134;8366;
Retraso NAS;36;8367;
Retraso NAS;42;8368;
Retraso Previo;28;8369;
Retraso Previo;16;8371;
Retraso Previo;69;8372;
Retraso NAS;103;8373;
Retraso NAS;47;8374;
Retraso NAS;1;8375;
Retraso Previo;35;8376;
Retraso NAS;33;8377;
Retraso NAS;30;8378;
Retraso NAS;18;8379;
Retraso Compagnia;3;8380;
Retraso Previo;15;8381;
Retraso Previo;69;8382;
Retraso NAS;30;8383;
Retraso Compagnia;20;8384;
Retraso Previo;2;8385;
Retraso Compagnia;5;8386;
Retraso Previo;16;8387;
Retraso NAS;28;8388;
Retraso NAS;44;8389;
Retraso NAS;2;8390;
Retraso Previo;162;8391;
Retraso Compagnia;12;8392;
Retraso NAS;8;8393;
Retraso NAS;20;8394;
Retraso Previo;146;8395;
Retraso Compagnia;56;8396;
Retraso Previo;55;8397;
Retraso NAS;16;8398;
Retraso Previo;128;8399;
Retraso NAS;170;8400;
Retraso Previo;81;8401;
Retraso Previo;17;8402;
Retraso NAS;109;8403;
Retraso NAS;6;8404;
Retraso Previo;31;8405;
Retraso NAS;28;8406;
Retraso NAS;59;8407;
Retraso Compagnia;6;8408;
Retraso NAS;29;8409;
Retraso Previo;9;8410;
Retraso NAS;67;8411;
Retraso NAS;94;8412;
Retraso Compagnia;65;8413;
Retraso Previo;15;8414;
Retraso NAS;17;8415;
Retraso Compagnia;112;8416;
Retraso Previo;77;8417;
Retraso Compagnia;15;8418;
Retraso Previo;105;8419;
Retraso NAS;5;8420;
Retraso Previo;40;8421;
Retraso NAS;12;8422;
Retraso Previo;65;8423;
Retraso Compagnia;23;8424;
Retraso NAS;1;8425;
Retraso Compagnia;73;8426;
Retraso NAS;32;8427;
Retraso Compagnia;11;8429;
Retraso NAS;4;8430;
Retraso Previo;31;8431;
Retraso Compagnia;12;8432;
Retraso NAS;8;8433;
Retraso NAS;31;8434;
Retraso NAS;138;8435;
Retraso Compagnia;27;8436;
Retraso Previo;37;8437;
Retraso Compagnia;28;8438;
Retraso Compagnia;142;8441;
Retraso NAS;19;8442;
Retraso NAS;27;8443;
Retraso Compagnia;65;8444;
Retraso Compagnia;83;8445;
Retraso Previo;12;8446;
Retraso NAS;28;8447;
Retraso Compagnia;18;8448;
Retraso NAS;16;8449;
Retraso Compagnia;21;8450;
Retraso NAS;2;8451;
Retraso Compagnia;13;8452;
Retraso Previo;63;8453;
Retraso Compagnia;6;8454;
Retraso Previo;17;8455;
Retraso Previo;26;8456;
Retraso Compagnia;8;8457;
Retraso NAS;1;8458;
Retraso Previo;10;8459;
Retraso Compagnia;30;8460;
Retraso Previo;113;8461;
Retraso NAS;24;8462;
Retraso Previo;6;8463;
Retraso NAS;30;8464;
Retraso NAS;25;8465;
Retraso NAS;2;8466;
Retraso Previo;31;8467;
Retraso NAS;14;8468;
Retraso Previo;22;8469;
Retraso Compagnia;10;8470;
Retraso Previo;21;8471;
Retraso NAS;3;8472;
Retraso Previo;45;8473;
Retraso NAS;102;8474;
Retraso NAS;106;8475;
Retraso Compagnia;255;8476;
Retraso NAS;25;8477;
Retraso NAS;16;8478;
Retraso NAS;32;8479;
Retraso Previo;262;8480;
Retraso Previo;63;8481;
Retraso NAS;39;8482;
Retraso Compagnia;116;8483;
Retraso Compagnia;25;8484;
Retraso NAS;21;8485;
Retraso Compagnia;15;8486;
Retraso NAS;11;8487;
Retraso Previo;13;8488;
Retraso Compagnia;40;8489;
Retraso NAS;7;8490;
Retraso Compagnia;6;8491;
Retraso Previo;17;8492;
Retraso NAS;30;8493;
Retraso Previo;24;8494;
Retraso Compagnia;7;8495;
Retraso NAS;1;8496;
Retraso Previo;21;8497;
Retraso NAS;29;8498;
Retraso NAS;45;8499;
Retraso Previo;50;8500;
Retraso Previo;75;8501;
Retraso Compagnia;24;8502;
Retraso NAS;15;8503;
Retraso NAS;63;8504;
Retraso Previo;47;8505;
Retraso Previo;52;8506;
Retraso Meteorologico;19;8507;
Retraso NAS;57;8508;
Retraso Previo;21;8509;
Retraso Previo;30;8510;
Retraso Previo;20;8512;
Retraso NAS;17;8513;
Retraso NAS;6;8514;
Retraso Previo;27;8515;
Retraso Compagnia;16;8516;
Retraso Compagnia;10;8517;
Retraso Previo;6;8518;
Retraso NAS;60;8519;
Retraso NAS;105;8520;
Retraso NAS;26;8521;
Retraso Previo;9;8522;
Retraso NAS;35;8523;
Retraso Compagnia;7;8524;
Retraso Previo;26;8525;
Retraso Compagnia;8;8526;
Retraso Previo;35;8527;
Retraso Compagnia;163;8528;
Retraso Previo;58;8529;
Retraso Compagnia;258;8530;
Retraso NAS;16;8531;
Retraso NAS;25;8532;
Retraso Previo;52;8533;
Retraso Compagnia;19;8534;
Retraso NAS;16;8535;
Retraso Compagnia;18;8536;
Retraso NAS;2;8537;
Retraso Previo;72;8538;
Retraso NAS;47;8539;
Retraso Previo;86;8540;
Retraso NAS;81;8541;
Retraso Compagnia;23;8542;
Retraso NAS;20;8543;
Retraso Compagnia;4;8544;
Retraso Previo;45;8545;
Retraso Previo;112;8546;
Retraso NAS;32;8547;
Retraso Previo;37;8548;
Retraso NAS;53;8549;
Retraso Previo;14;8550;
Retraso Compagnia;30;8551;
Retraso Previo;21;8552;
Retraso NAS;2;8553;
Retraso Previo;13;8554;
Retraso NAS;18;8555;
Retraso Compagnia;51;8556;
Retraso NAS;26;8557;
Retraso NAS;23;8558;
Retraso NAS;5;8559;
Retraso Previo;19;8560;
Retraso NAS;19;8561;
Retraso Previo;157;8562;
Retraso Compagnia;181;8563;
Retraso NAS;17;8564;
Retraso NAS;5;8565;
Retraso Previo;84;8566;
Retraso Compagnia;19;8567;
Retraso NAS;31;8568;
Retraso Previo;65;8569;
Retraso NAS;2;8570;
Retraso Previo;111;8571;
Retraso NAS;26;8572;
Retraso Compagnia;64;8573;
Retraso Previo;146;8574;
Retraso Compagnia;148;8575;
Retraso NAS;10;8576;
Retraso Previo;64;8577;
Retraso Meteorologico;154;8578;
Retraso NAS;2;8579;
Retraso Previo;4;8580;
Retraso NAS;5;8581;
Retraso Previo;19;8582;
Retraso NAS;28;8583;
Retraso NAS;11;8585;
Retraso Previo;23;8586;
Retraso NAS;22;8587;
Retraso Previo;17;8588;
Retraso NAS;7;8589;
Retraso Previo;52;8590;
Retraso NAS;164;8591;
Retraso NAS;137;8592;
Retraso Previo;18;8593;
Retraso NAS;29;8594;
Retraso NAS;44;8595;
Retraso Compagnia;11;8596;
Retraso Previo;15;8597;
Retraso NAS;102;8598;
Retraso NAS;42;8599;
Retraso Compagnia;6;8600;
Retraso NAS;15;8601;
Retraso Compagnia;3;8602;
Retraso Previo;15;8603;
Retraso NAS;21;8604;
Retraso Compagnia;30;8605;
Retraso Previo;8;8606;
Retraso Compagnia;249;8607;
Retraso Previo;43;8608;
Retraso NAS;42;8609;
Retraso NAS;5;8610;
Retraso Previo;35;8611;
Retraso NAS;62;8612;
Retraso NAS;143;8613;
Retraso Previo;21;8614;
Retraso Compagnia;57;8615;
Retraso Previo;122;8616;
Retraso NAS;15;8617;
Retraso Compagnia;13;8618;
Retraso NAS;5;8619;
Retraso NAS;62;8620;
Retraso Compagnia;24;8621;
Retraso NAS;13;8622;
Retraso NAS;5;8623;
Retraso Previo;17;8624;
Retraso NAS;1;8625;
Retraso Previo;73;8626;
Retraso NAS;17;8627;
Retraso Compagnia;7;8628;
Retraso NAS;12;8629;
Retraso NAS;46;8630;
Retraso Previo;215;8632;
Retraso Previo;63;8633;
Retraso NAS;132;8634;
Retraso Previo;129;8635;
Retraso Compagnia;23;8636;
Retraso NAS;69;8637;
Retraso Previo;28;8638;
Retraso NAS;36;8639;
Retraso Previo;59;8640;
Retraso Compagnia;9;8641;
Retraso NAS;15;8642;
Retraso NAS;53;8643;
Retraso Previo;12;8644;
Retraso NAS;15;8645;
Retraso NAS;21;8646;
Retraso Compagnia;15;8648;
Retraso Previo;16;8649;
Retraso Compagnia;81;8650;
Retraso Previo;42;8651;
Retraso NAS;130;8652;
Retraso Previo;42;8653;
Retraso Compagnia;58;8654;
Retraso Previo;75;8655;
Retraso Previo;21;8656;
Retraso NAS;18;8657;
Retraso Previo;31;8658;
Retraso Compagnia;33;8659;
Retraso Previo;120;8660;
Retraso NAS;17;8661;
Retraso NAS;15;8662;
Retraso Compagnia;21;8663;
Retraso Previo;85;8664;
Retraso NAS;5;8665;
Retraso Previo;16;8666;
Retraso Compagnia;57;8667;
Retraso Previo;115;8668;
Retraso Previo;23;8669;
Retraso NAS;89;8670;
Retraso NAS;97;8671;
Retraso Previo;42;8672;
Retraso Previo;184;8673;
Retraso Compagnia;4;8674;
Retraso Previo;14;8675;
Retraso NAS;15;8676;
Retraso Previo;32;8677;
Retraso Previo;21;8678;
Retraso Previo;64;8679;
Retraso Compagnia;23;8680;
Retraso Previo;10;8681;
Retraso Compagnia;36;8682;
Retraso NAS;11;8683;
Retraso Compagnia;55;8684;
Retraso Compagnia;14;8685;
Retraso NAS;1;8686;
Retraso Previo;147;8687;
Retraso Compagnia;4;8688;
Retraso Previo;15;8689;
Retraso Previo;86;8690;
Retraso NAS;37;8691;
Retraso NAS;31;8692;
Retraso Compagnia;7;8693;
Retraso Previo;59;8694;
Retraso Previo;39;8695;
Retraso Compagnia;22;8696;
Retraso NAS;1;8697;
Retraso NAS;17;8698;
Retraso NAS;49;8699;
Retraso Previo;14;8700;
Retraso Previo;34;8701;
Retraso NAS;1;8702;
Retraso Previo;16;8703;
Retraso NAS;17;8704;
Retraso Previo;21;8705;
Retraso NAS;27;8706;
Retraso Compagnia;7;8707;
Retraso NAS;3;8708;
Retraso Previo;37;8709;
Retraso NAS;48;8710;
Retraso Compagnia;83;8711;
Retraso Previo;62;8712;
Retraso NAS;35;8713;
Retraso Previo;49;8714;
Retraso NAS;27;8715;
Retraso NAS;20;8716;
Retraso Previo;9;8717;
Retraso NAS;11;8718;
Retraso Previo;9;8719;
Retraso NAS;12;8720;
Retraso Previo;4;8721;
Retraso Meteorologico;44;8722;
Retraso Previo;50;8723;
Retraso Previo;73;8724;
Retraso NAS;20;8725;
Retraso NAS;15;8726;
Retraso Compagnia;9;8727;
Retraso NAS;10;8728;
Retraso Compagnia;53;8729;
Retraso Compagnia;80;8730;
Retraso NAS;1;8731;
Retraso Compagnia;13;8732;
Retraso NAS;10;8733;
Retraso Previo;52;8734;
Retraso NAS;6;8735;
Retraso Previo;16;8736;
Retraso Previo;196;8737;
Retraso Compagnia;37;8738;
Retraso Previo;117;8739;
Retraso Previo;79;8740;
Retraso NAS;6;8741;
Retraso Previo;27;8742;
Retraso Previo;36;8743;
Retraso Previo;28;8744;
Retraso Previo;32;8745;
Retraso NAS;21;8746;
Retraso NAS;21;8747;
Retraso Compagnia;8;8748;
Retraso Previo;19;8749;
Retraso NAS;38;8750;
Retraso NAS;7;8751;
Retraso Previo;21;8752;
Retraso NAS;33;8753;
Retraso Compagnia;75;8755;
Retraso NAS;58;8757;
Retraso NAS;33;8758;
Retraso Previo;62;8759;
Retraso NAS;2;8760;
Retraso Previo;73;8761;
Retraso NAS;23;8762;
Retraso NAS;82;8763;
Retraso NAS;42;8764;
Retraso Previo;14;8765;
Retraso NAS;17;8766;
Retraso NAS;36;8767;
Retraso NAS;20;8768;
Retraso Compagnia;78;8769;
Retraso NAS;15;8770;
Retraso Previo;19;8771;
Retraso NAS;42;8772;
Retraso Compagnia;16;8773;
Retraso Previo;102;8774;
Retraso NAS;24;8775;
Retraso Previo;2;8776;
Retraso NAS;39;8778;
Retraso NAS;64;8779;
Retraso Previo;4;8780;
Retraso Compagnia;43;8781;
Retraso Previo;69;8782;
Retraso Compagnia;24;8783;
Retraso NAS;14;8784;
Retraso Compagnia;24;8785;
Retraso Compagnia;15;8786;
Retraso Compagnia;90;8787;
Retraso NAS;209;8788;
Retraso Compagnia;32;8789;
Retraso Compagnia;108;8790;
Retraso NAS;1;8791;
Retraso NAS;217;8792;
Retraso NAS;17;8793;
Retraso Meteorologico;20;8794;
Retraso NAS;8;8795;
Retraso Previo;274;8796;
Retraso NAS;26;8797;
Retraso Compagnia;16;8798;
Retraso NAS;3;8799;
Retraso Previo;215;8800;
Retraso NAS;86;8802;
Retraso NAS;267;8803;
Retraso Meteorologico;7;8804;
Retraso Previo;131;8805;
Retraso Previo;84;8806;
Retraso NAS;15;8807;
Retraso NAS;98;8808;
Retraso Compagnia;73;8809;
Retraso Previo;28;8810;
Retraso NAS;41;8811;
Retraso NAS;1;8812;
Retraso Previo;130;8813;
Retraso Previo;92;8814;
Retraso Compagnia;9;8815;
Retraso NAS;23;8816;
Retraso NAS;9;8817;
Retraso Previo;6;8818;
Retraso NAS;15;8819;
Retraso Previo;17;8820;
Retraso NAS;34;8821;
Retraso NAS;92;8822;
Retraso NAS;42;8823;
Retraso Previo;42;8824;
Retraso NAS;21;8825;
Retraso NAS;40;8826;
Retraso NAS;42;8827;
Retraso NAS;15;8828;
Retraso NAS;22;8829;
Retraso Meteorologico;135;8830;
Retraso Compagnia;16;8831;
Retraso NAS;51;8832;
Retraso NAS;1;8833;
Retraso Previo;56;8834;
Retraso NAS;134;8835;
Retraso Previo;10;8836;
Retraso NAS;50;8837;
Retraso Previo;29;8838;
Retraso Previo;22;8839;
Retraso NAS;61;8840;
Retraso Previo;41;8842;
Retraso Previo;115;8843;
Retraso Previo;35;8844;
Retraso NAS;6;8845;
Retraso Previo;17;8846;
Retraso NAS;20;8847;
Retraso Compagnia;90;8848;
Retraso NAS;9;8849;
Retraso Previo;29;8851;
Retraso Compagnia;15;8852;
Retraso NAS;1;8853;
Retraso Previo;27;8854;
Retraso Compagnia;37;8855;
Retraso Previo;50;8856;
Retraso Previo;65;8857;
Retraso NAS;24;8858;
Retraso Previo;87;8859;
Retraso NAS;165;8860;
Retraso NAS;6;8861;
Retraso Previo;54;8862;
Retraso Previo;68;8863;
Retraso Compagnia;62;8864;
Retraso NAS;8;8865;
Retraso Compagnia;11;8866;
Retraso NAS;14;8867;
Retraso Compagnia;9;8868;
Retraso NAS;17;8869;
Retraso Previo;83;8870;
Retraso Previo;33;8871;
Retraso NAS;62;8872;
Retraso NAS;237;8873;
Retraso Compagnia;12;8874;
Retraso Previo;86;8875;
Retraso Compagnia;109;8876;
Retraso Compagnia;51;8877;
Retraso Compagnia;72;8878;
Retraso Compagnia;19;8879;
Retraso NAS;15;8880;
Retraso NAS;112;8881;
Retraso Previo;47;8882;
Retraso Previo;112;8883;
Retraso NAS;50;8884;
Retraso NAS;78;8885;
Retraso Compagnia;4;8886;
Retraso Previo;42;8887;
Retraso NAS;1;8888;
Retraso Previo;65;8889;
Retraso NAS;18;8890;
Retraso NAS;18;8891;
Retraso NAS;16;8892;
Retraso Compagnia;19;8893;
Retraso Compagnia;15;8894;
Retraso Compagnia;9;8895;
Retraso Previo;51;8896;
Retraso Compagnia;27;8897;
Retraso Previo;15;8898;
Retraso NAS;146;8899;
Retraso Compagnia;27;8900;
Retraso NAS;21;8901;
Retraso Compagnia;61;8902;
Retraso Compagnia;12;8904;
Retraso NAS;18;8905;
Retraso NAS;18;8906;
Retraso Previo;6;8907;
Retraso Compagnia;18;8908;
Retraso NAS;11;8909;
Retraso Previo;14;8910;
Retraso Previo;82;8911;
Retraso NAS;19;8912;
Retraso Previo;50;8913;
Retraso NAS;45;8914;
Retraso Compagnia;16;8915;
Retraso Compagnia;38;8916;
Retraso NAS;49;8917;
Retraso NAS;40;8918;
Retraso NAS;21;8919;
Retraso NAS;1;8920;
Retraso Previo;195;8921;
Retraso NAS;131;8922;
Retraso NAS;18;8923;
Retraso NAS;67;8924;
Retraso Previo;1;8925;
Retraso NAS;52;8926;
Retraso Previo;7;8927;
Retraso Meteorologico;13;8929;
Retraso Previo;27;8930;
Retraso Compagnia;17;8931;
Retraso Compagnia;7;8932;
Retraso Previo;81;8933;
Retraso Compagnia;67;8935;
Retraso NAS;5;8936;
Retraso NAS;144;8937;
Retraso Previo;95;8938;
Retraso NAS;32;8939;
Retraso NAS;18;8940;
Retraso Previo;59;8941;
Retraso NAS;15;8942;
Retraso Previo;20;8943;
Retraso NAS;23;8944;
Retraso Compagnia;3;8945;
Retraso Previo;17;8946;
Retraso Compagnia;94;8947;
Retraso Compagnia;236;8948;
Retraso NAS;17;8949;
Retraso Compagnia;52;8950;
Retraso Previo;92;8951;
Retraso Compagnia;74;8952;
Retraso NAS;185;8954;
Retraso Previo;96;8955;
Retraso Compagnia;22;8956;
Retraso NAS;1;8957;
Retraso Previo;125;8958;
Retraso NAS;114;8959;
Retraso Compagnia;37;8960;
Retraso Previo;23;8961;
Retraso Compagnia;58;8962;
Retraso NAS;18;8963;
Retraso Compagnia;33;8964;
Retraso Previo;100;8965;
Retraso Meteorologico;21;8966;
Retraso NAS;21;8967;
Retraso Compagnia;12;8968;
Retraso NAS;15;8969;
Retraso NAS;29;8970;
Retraso NAS;32;8971;
Retraso Compagnia;43;8972;
Retraso NAS;3;8973;
Retraso Previo;35;8974;
Retraso Previo;76;8975;
Retraso Compagnia;46;8976;
Retraso NAS;16;8977;
Retraso Compagnia;8;8978;
Retraso Previo;11;8979;
Retraso NAS;22;8980;
Retraso Compagnia;13;8981;
Retraso NAS;25;8982;
Retraso NAS;18;8983;
Retraso NAS;16;8984;
Retraso Previo;19;8985;
Retraso NAS;24;8986;
Retraso Compagnia;15;8987;
Retraso NAS;2;8988;
Retraso Compagnia;7;8989;
Retraso NAS;47;8990;
Retraso NAS;21;8991;
Retraso Compagnia;24;8992;
Retraso NAS;3;8993;
Retraso Previo;76;8994;
Retraso NAS;19;8995;
Retraso NAS;17;8996;
Retraso Compagnia;124;8997;
Retraso NAS;4;8998;
Retraso Previo;106;8999;
Retraso Compagnia;22;9000;
Retraso NAS;6;9001;
Retraso Compagnia;35;9002;
Retraso NAS;22;9003;
Retraso Previo;165;9004;
Retraso NAS;15;9005;
Retraso Compagnia;17;9006;
Retraso Previo;27;9007;
Retraso Compagnia;6;9008;
Retraso Previo;15;9009;
Retraso NAS;15;9010;
Retraso Compagnia;65;9011;
Retraso NAS;46;9012;
Retraso Compagnia;6;9013;
Retraso NAS;11;9014;
Retraso Compagnia;17;9015;
Retraso Previo;41;9016;
Retraso NAS;32;9017;
Retraso Previo;74;9018;
Retraso NAS;15;9019;
Retraso Compagnia;49;9020;
Retraso Previo;12;9021;
Retraso Compagnia;32;9022;
Retraso NAS;2;9023;
Retraso Compagnia;18;9024;
Retraso Compagnia;29;9025;
Retraso NAS;18;9026;
Retraso Compagnia;10;9027;
Retraso Previo;10;9028;
Retraso NAS;123;9029;
Retraso Previo;16;9030;
Retraso Compagnia;14;9031;
Retraso NAS;4;9032;
Retraso Previo;42;9033;
Retraso NAS;55;9034;
Retraso Compagnia;70;9035;
Retraso Previo;41;9036;
Retraso Compagnia;22;9037;
Retraso NAS;11;9038;
Retraso Compagnia;86;9039;
Retraso NAS;29;9040;
Retraso NAS;17;9041;
Retraso Previo;15;9042;
Retraso NAS;16;9043;
Retraso NAS;29;9044;
Retraso Compagnia;12;9045;
Retraso NAS;1;9046;
Retraso Previo;10;9047;
Retraso Previo;119;9048;
Retraso Compagnia;51;9049;
Retraso Compagnia;6;9050;
Retraso Previo;103;9051;
Retraso Previo;74;9052;
Retraso Compagnia;10;9053;
Retraso NAS;11;9054;
Retraso Previo;52;9055;
Retraso NAS;27;9056;
Retraso NAS;56;9058;
Retraso Compagnia;5;9059;
Retraso Previo;112;9060;
Retraso Previo;59;9061;
Retraso NAS;34;9062;
Retraso Compagnia;17;9064;
Retraso Compagnia;22;9065;
Retraso Previo;52;9066;
Retraso Previo;128;9068;
Retraso Previo;41;9069;
Retraso NAS;3;9070;
Retraso Previo;23;9071;
Retraso Compagnia;17;9072;
Retraso Previo;6;9073;
Retraso Compagnia;20;9074;
Retraso Previo;34;9075;
Retraso Compagnia;22;9076;
Retraso Previo;116;9077;
Retraso NAS;15;9078;
Retraso Compagnia;21;9079;
Retraso NAS;1;9080;
Retraso Compagnia;82;9081;
Retraso Previo;62;9082;
Retraso NAS;61;9083;
Retraso Compagnia;8;9084;
Retraso Previo;32;9085;
Retraso NAS;33;9086;
Retraso NAS;39;9087;
Retraso Compagnia;87;9088;
Retraso NAS;13;9089;
Retraso NAS;141;9090;
Retraso NAS;160;9091;
Retraso Compagnia;11;9092;
Retraso Previo;180;9093;
Retraso Compagnia;50;9094;
Retraso NAS;40;9095;
Retraso Previo;53;9096;
Retraso Previo;150;9097;
Retraso Compagnia;18;9098;
Retraso Previo;53;9099;
Retraso Compagnia;12;9100;
Retraso Previo;84;9101;
Retraso Compagnia;5;9102;
Retraso Previo;37;9103;
Retraso Compagnia;56;9104;
Retraso NAS;20;9105;
Retraso Compagnia;5;9106;
Retraso Previo;53;9107;
Retraso Compagnia;30;9108;
Retraso Compagnia;26;9109;
Retraso Previo;1;9110;
Retraso Previo;61;9111;
Retraso NAS;151;9112;
Retraso NAS;123;9113;
Retraso Compagnia;15;9114;
Retraso Previo;107;9115;
Retraso NAS;5;9116;
Retraso Previo;42;9117;
Retraso NAS;16;9118;
Retraso Previo;85;9119;
Retraso Previo;23;9120;
Retraso NAS;74;9121;
Retraso Previo;6;9122;
Retraso Compagnia;18;9123;
Retraso Compagnia;31;9124;
Retraso Compagnia;4;9125;
Retraso Previo;14;9126;
Retraso Compagnia;19;9127;
Retraso Previo;95;9128;
Retraso Previo;110;9129;
Retraso Compagnia;36;9130;
Retraso NAS;8;9131;
Retraso Compagnia;8;9132;
Retraso NAS;22;9133;
Retraso Compagnia;15;9134;
Retraso Compagnia;19;9135;
Retraso Compagnia;34;9136;
Retraso NAS;22;9137;
Retraso NAS;19;9138;
Retraso Compagnia;9;9139;
Retraso NAS;30;9140;
Retraso Compagnia;29;9141;
Retraso Compagnia;19;9142;
Retraso Compagnia;6;9143;
Retraso Previo;17;9144;
Retraso Compagnia;45;9145;
Retraso NAS;1;9146;
Retraso NAS;32;9147;
Retraso Previo;5;9148;
Retraso Previo;104;9149;
Retraso Previo;107;9150;
Retraso Compagnia;24;9151;
Retraso Previo;22;9152;
Retraso Previo;39;9153;
Retraso Compagnia;56;9154;
Retraso NAS;19;9155;
Retraso Compagnia;45;9156;
Retraso NAS;6;9157;
Retraso Previo;36;9158;
Retraso Compagnia;6;9159;
Retraso Previo;27;9160;
Retraso NAS;35;9161;
Retraso Previo;47;9162;
Retraso Compagnia;16;9163;
Retraso Compagnia;7;9164;
Retraso Previo;37;9165;
Retraso Compagnia;7;9166;
Retraso Previo;48;9167;
Retraso NAS;21;9168;
Retraso Compagnia;15;9169;
Retraso NAS;95;9170;
Retraso Compagnia;28;9171;
Retraso NAS;15;9172;
Retraso Previo;4;9173;
Retraso Previo;73;9174;
Retraso NAS;4;9175;
Retraso Previo;49;9176;
Retraso NAS;19;9177;
Retraso Previo;35;9178;
Retraso Previo;32;9179;
Retraso Compagnia;5;9180;
Retraso Previo;20;9181;
Retraso NAS;16;9182;
Retraso NAS;1;9183;
Retraso Previo;69;9184;
Retraso Previo;16;9185;
Retraso NAS;7;9186;
Retraso Previo;102;9187;
Retraso NAS;22;9188;
Retraso Compagnia;20;9189;
Retraso Compagnia;22;9190;
Retraso Compagnia;31;9191;
Retraso NAS;8;9192;
Retraso Compagnia;24;9193;
Retraso Previo;155;9194;
Retraso Compagnia;19;9195;
Retraso Compagnia;109;9196;
Retraso NAS;9;9197;
Retraso Meteorologico;15;9198;
Retraso Previo;136;9199;
Retraso Compagnia;52;9200;
Retraso NAS;7;9201;
Retraso Compagnia;70;9202;
Retraso NAS;7;9203;
Retraso Previo;52;9204;
Retraso Compagnia;49;9205;
Retraso NAS;21;9206;
Retraso Previo;61;9207;
Retraso Compagnia;17;9208;
Retraso NAS;15;9209;
Retraso NAS;33;9211;
Retraso Compagnia;77;9212;
Retraso NAS;14;9213;
Retraso Compagnia;33;9214;
Retraso Previo;2;9215;
Retraso Compagnia;40;9216;
Retraso Previo;77;9217;
Retraso NAS;23;9218;
Retraso Compagnia;16;9219;
Retraso NAS;22;9220;
Retraso Compagnia;22;9221;
Retraso NAS;18;9222;
Retraso Previo;54;9223;
Retraso Compagnia;10;9224;
Retraso NAS;5;9225;
Retraso Compagnia;114;9226;
Retraso NAS;16;9227;
Retraso NAS;21;9238;
Retraso Compagnia;16;9239;
Retraso NAS;11;9240;
Retraso NAS;59;9241;
Retraso Compagnia;74;9242;
Retraso NAS;18;9243;
Retraso Previo;93;9244;
Retraso NAS;7;9245;
Retraso Previo;99;9246;
Retraso NAS;101;9247;
Retraso NAS;155;9248;
Retraso Compagnia;5;9249;
Retraso NAS;13;9250;
Retraso NAS;178;9251;
Retraso NAS;27;9252;
Retraso Compagnia;3;9253;
Retraso NAS;18;9254;
Retraso Compagnia;65;9255;
Retraso Previo;50;9256;
Retraso Compagnia;4;9257;
Retraso NAS;13;9258;
Retraso NAS;24;9259;
Retraso Compagnia;3;9260;
Retraso NAS;20;9261;
Retraso NAS;20;9262;
Retraso Previo;73;9263;
Retraso NAS;34;9264;
Retraso NAS;6;9265;
Retraso Previo;20;9266;
Retraso Compagnia;13;9267;
Retraso NAS;11;9268;
Retraso Compagnia;213;9269;
Retraso NAS;171;9270;
Retraso NAS;54;9271;
Retraso NAS;31;9272;
Retraso NAS;8;9273;
Retraso Previo;299;9274;
Retraso Compagnia;69;9275;
Retraso Compagnia;23;9276;
Retraso NAS;5;9277;
Retraso Compagnia;17;9278;
Retraso NAS;18;9279;
Retraso NAS;16;9280;
Retraso Compagnia;223;9281;
Retraso Compagnia;4;9282;
Retraso NAS;11;9283;
Retraso Compagnia;31;9284;
Retraso NAS;14;9285;
Retraso Previo;16;9286;
Retraso NAS;18;9287;
Retraso Compagnia;1;9288;
Retraso NAS;16;9289;
Retraso Compagnia;17;9290;
Retraso Previo;30;9291;
Retraso Compagnia;27;9292;
Retraso Compagnia;20;9293;
Retraso NAS;13;9294;
Retraso Previo;18;9295;
Retraso Compagnia;48;9296;
Retraso NAS;15;9297;
Retraso Compagnia;5;9298;
Retraso NAS;10;9299;
Retraso NAS;21;9301;
Retraso NAS;47;9302;
Retraso NAS;4;9303;
Retraso Previo;97;9304;
Retraso Compagnia;10;9305;
Retraso NAS;3;9306;
Retraso Previo;113;9307;
Retraso Meteorologico;29;9308;
Retraso NAS;2;9309;
Retraso Compagnia;23;9310;
Retraso NAS;95;9311;
Retraso NAS;23;9312;
Retraso Compagnia;108;9313;
Retraso NAS;5;9314;
Retraso Previo;17;9315;
Retraso NAS;37;9316;
Retraso NAS;19;9317;
Retraso Previo;4;9318;
Retraso Previo;69;9319;
Retraso Previo;53;9320;
Retraso Previo;35;9321;
Retraso Previo;16;9322;
Retraso Compagnia;1;9323;
Retraso NAS;17;9324;
Retraso NAS;111;9325;
Retraso NAS;16;9326;
Retraso NAS;24;9327;
Retraso Previo;205;9328;
Retraso Compagnia;19;9329;
Retraso NAS;9;9330;
Retraso Compagnia;104;9331;
Retraso NAS;59;9332;
Retraso Previo;19;9333;
Retraso Compagnia;75;9334;
Retraso NAS;18;9335;
Retraso Compagnia;1;9336;
Retraso NAS;16;9337;
Retraso Compagnia;2;9338;
Retraso NAS;17;9339;
Retraso NAS;18;9340;
Retraso NAS;26;9341;
Retraso Compagnia;19;9342;
Retraso Previo;16;9343;
Retraso NAS;21;9344;
Retraso Compagnia;11;9345;
Retraso NAS;16;9346;
Retraso NAS;16;9348;
Retraso NAS;70;9349;
Retraso Compagnia;26;9350;
Retraso NAS;9;9351;
Retraso Compagnia;3;9352;
Retraso NAS;35;9353;
Retraso Previo;1;9354;
Retraso NAS;14;9355;
Retraso Seguridad;2;9356;
Retraso NAS;1;9357;
Retraso Previo;102;9358;
Retraso Compagnia;3;9359;
Retraso Previo;27;9360;
Retraso Compagnia;3;9361;
Retraso NAS;18;9362;
Retraso Compagnia;2;9363;
Retraso NAS;36;9364;
Retraso NAS;6;9365;
Retraso Previo;13;9366;
Retraso Compagnia;5;9367;
Retraso NAS;3;9368;
Retraso Previo;24;9369;
Retraso NAS;27;9371;
Retraso NAS;18;9372;
Retraso NAS;28;9373;
Retraso Compagnia;22;9374;
Retraso NAS;3;9375;
Retraso NAS;25;9376;
Retraso Compagnia;39;9377;
Retraso Compagnia;80;9378;
Retraso Previo;43;9379;
Retraso NAS;31;9380;
Retraso NAS;58;9381;
Retraso Compagnia;111;9382;
Retraso NAS;7;9383;
Retraso Seguridad;37;9384;
Retraso NAS;15;9385;
Retraso NAS;17;9386;
Retraso Compagnia;15;9387;
Retraso NAS;10;9388;
Retraso Compagnia;3;9389;
Retraso NAS;13;9390;
Retraso NAS;21;9391;
Retraso Compagnia;6;9392;
Retraso NAS;13;9393;
Retraso NAS;18;9394;
Retraso Compagnia;1;9395;
Retraso Previo;52;9396;
Retraso Compagnia;64;9397;
Retraso NAS;12;9398;
Retraso Previo;49;9399;
Retraso NAS;17;9400;
Retraso NAS;16;9401;
Retraso Compagnia;135;9402;
Retraso NAS;1;9403;
Retraso Compagnia;9;9404;
Retraso NAS;33;9405;
Retraso Compagnia;15;9406;
Retraso NAS;13;9407;
Retraso Previo;1;9408;
Retraso Compagnia;48;9409;
Retraso Compagnia;19;9410;
Retraso NAS;23;9411;
Retraso NAS;24;9412;
Retraso NAS;20;9413;
Retraso Compagnia;5;9414;
Retraso NAS;22;9415;
Retraso NAS;4;9416;
Retraso Previo;29;9417;
Retraso Compagnia;16;9418;
Retraso Compagnia;32;9419;
Retraso Previo;22;9420;
Retraso Compagnia;62;9421;
Retraso Compagnia;17;9422;
Retraso NAS;18;9423;
Retraso NAS;24;9424;
Retraso Compagnia;39;9425;
Retraso Previo;6;9426;
Retraso NAS;32;9427;
Retraso Compagnia;2;9428;
Retraso NAS;19;9429;
Retraso Compagnia;3;9430;
Retraso NAS;12;9431;
Retraso Compagnia;7;9432;
Retraso NAS;11;9433;
Retraso Previo;20;9434;
Retraso Compagnia;37;9435;
Retraso Previo;98;9436;
Retraso Compagnia;18;9437;
Retraso NAS;7;9438;
Retraso NAS;42;9439;
Retraso NAS;27;9440;
Retraso NAS;46;9441;
Retraso NAS;16;9442;
Retraso Previo;7;9443;
Retraso NAS;90;9445;
Retraso NAS;39;9446;
Retraso Compagnia;7;9447;
Retraso NAS;19;9448;
Retraso NAS;74;9449;
Retraso Compagnia;32;9450;
Retraso NAS;13;9451;
Retraso NAS;80;9452;
Retraso NAS;40;9453;
Retraso Compagnia;8;9454;
Retraso NAS;35;9455;
Retraso NAS;46;9456;
Retraso Compagnia;1;9457;
Retraso NAS;81;9458;
Retraso NAS;17;9459;
Retraso Compagnia;128;9460;
Retraso NAS;42;9461;
Retraso NAS;57;9462;
Retraso Compagnia;10;9463;
Retraso NAS;86;9464;
Retraso NAS;92;9465;
Retraso NAS;64;9466;
Retraso Compagnia;5;9467;
Retraso NAS;130;9468;
Retraso Compagnia;62;9469;
Retraso NAS;71;9470;
Retraso Compagnia;32;9471;
Retraso NAS;14;9472;
Retraso NAS;141;9473;
Retraso Previo;30;9474;
Retraso Compagnia;13;9475;
Retraso NAS;10;9476;
Retraso Compagnia;9;9477;
Retraso NAS;97;9478;
Retraso Previo;7;9479;
Retraso NAS;4;9480;
Retraso Previo;140;9481;
Retraso Compagnia;21;9482;
Retraso Compagnia;8;9483;
Retraso NAS;11;9484;
Retraso Compagnia;55;9485;
Retraso Previo;31;9486;
Retraso NAS;32;9487;
Retraso NAS;19;9488;
Retraso Compagnia;6;9489;
Retraso NAS;15;9490;
Retraso Compagnia;15;9491;
Retraso NAS;1;9492;
Retraso Previo;7;9493;
Retraso Compagnia;71;9494;
Retraso Compagnia;3;9495;
Retraso NAS;20;9496;
Retraso Previo;51;9497;
Retraso Compagnia;10;9498;
Retraso NAS;17;9499;
Retraso Previo;3;9500;
Retraso Compagnia;20;9502;
Retraso NAS;73;9503;
Retraso NAS;159;9504;
Retraso NAS;49;9505;
Retraso NAS;4;9506;
Retraso Previo;19;9507;
Retraso Compagnia;16;9508;
Retraso NAS;112;9509;
Retraso Compagnia;7;9510;
Retraso Previo;56;9511;
Retraso Compagnia;2;9512;
Retraso Previo;59;9513;
Retraso Previo;23;9514;
Retraso Compagnia;19;9515;
Retraso NAS;6;9516;
Retraso Previo;83;9517;
Retraso Compagnia;17;9518;
Retraso NAS;9;9519;
Retraso NAS;17;9520;
Retraso NAS;55;9521;
Retraso Compagnia;6;9522;
Retraso NAS;100;9523;
Retraso Compagnia;8;9524;
Retraso NAS;10;9525;
Retraso NAS;15;9526;
Retraso NAS;17;9527;
Retraso NAS;16;9528;
Retraso Compagnia;6;9529;
Retraso NAS;14;9530;
Retraso NAS;24;9531;
Retraso NAS;19;9532;
Retraso NAS;77;9533;
Retraso Compagnia;20;9534;
Retraso Previo;9;9535;
Retraso Compagnia;8;9536;
Retraso Previo;11;9537;
Retraso Compagnia;33;9538;
Retraso Compagnia;1;9539;
Retraso NAS;107;9540;
Retraso Previo;1;9541;
Retraso Compagnia;77;9542;
Retraso NAS;9;9543;
Retraso NAS;17;9545;
Retraso Compagnia;112;9546;
Retraso NAS;52;9547;
Retraso Compagnia;7;9548;
Retraso NAS;12;9549;
Retraso Previo;114;9550;
Retraso Compagnia;17;9551;
Retraso NAS;12;9552;
Retraso NAS;34;9553;
Retraso NAS;23;9554;
Retraso NAS;21;9555;
Retraso Compagnia;8;9556;
Retraso NAS;7;9557;
Retraso Compagnia;83;9558;
Retraso Compagnia;11;9559;
Retraso NAS;8;9560;
Retraso Compagnia;26;9561;
Retraso NAS;68;9562;
Retraso Compagnia;49;9563;
Retraso NAS;4;9564;
Retraso Compagnia;116;9565;
Retraso Compagnia;5;9566;
Retraso NAS;141;9567;
Retraso Compagnia;13;9568;
Retraso NAS;39;9569;
Retraso Compagnia;4;9570;
Retraso NAS;13;9571;
Retraso Previo;5;9572;
Retraso Previo;18;9573;
Retraso NAS;35;9574;
Retraso Compagnia;7;9575;
Retraso NAS;40;9576;
Retraso Compagnia;54;9577;
Retraso NAS;11;9578;
Retraso Previo;6;9579;
Retraso Previo;19;9580;
Retraso NAS;19;9581;
Retraso Previo;34;9582;
Retraso Compagnia;2;9583;
Retraso NAS;11;9584;
Retraso Previo;8;9585;
Retraso Compagnia;9;9586;
Retraso Previo;16;9587;
Retraso Compagnia;16;9588;
Retraso NAS;31;9589;
Retraso Compagnia;4;9590;
Retraso Previo;27;9591;
Retraso NAS;17;9592;
Retraso Previo;37;9593;
Retraso Compagnia;4;9594;
Retraso Previo;20;9595;
Retraso Compagnia;4;9596;
Retraso NAS;12;9597;
Retraso NAS;106;9598;
Retraso Previo;44;9599;
Retraso NAS;17;9600;
Retraso Compagnia;5;9601;
Retraso NAS;12;9602;
Retraso Compagnia;29;9603;
Retraso NAS;106;9604;
Retraso Compagnia;21;9605;
Retraso NAS;15;9606;
Retraso Compagnia;3;9607;
Retraso NAS;23;9608;
Retraso Compagnia;26;9609;
Retraso Compagnia;21;9610;
Retraso NAS;17;9611;
Retraso Compagnia;1;9612;
Retraso NAS;20;9613;
Retraso NAS;1;9614;
Retraso Previo;14;9615;
Retraso Compagnia;1;9616;
Retraso NAS;32;9617;
Retraso NAS;25;9618;
Retraso NAS;28;9620;
Retraso Compagnia;11;9621;
Retraso NAS;22;9622;
Retraso NAS;78;9623;
Retraso Compagnia;14;9624;
Retraso NAS;7;9625;
Retraso Previo;12;9626;
Retraso Compagnia;38;9627;
Retraso NAS;122;9628;
Retraso NAS;54;9629;
Retraso NAS;38;9630;
Retraso Compagnia;12;9631;
Retraso NAS;39;9632;
Retraso Compagnia;4;9633;
Retraso NAS;17;9634;
Retraso Compagnia;26;9635;
Retraso NAS;10;9636;
Retraso Compagnia;12;9637;
Retraso NAS;7;9638;
Retraso Previo;9;9639;
Retraso Compagnia;47;9640;
Retraso NAS;9;9641;
Retraso Previo;21;9642;
Retraso NAS;25;9643;
Retraso Compagnia;28;9644;
Retraso NAS;17;9645;
Retraso Compagnia;18;9646;
Retraso Compagnia;1;9647;
Retraso NAS;15;9648;
Retraso NAS;41;9649;
Retraso NAS;18;9651;
Retraso NAS;16;9653;
Retraso NAS;17;9654;
Retraso NAS;112;9655;
Retraso Compagnia;11;9656;
Retraso NAS;2;9657;
Retraso Previo;4;9658;
Retraso NAS;16;9659;
Retraso NAS;19;9660;
Retraso NAS;18;9661;
Retraso Compagnia;9;9662;
Retraso NAS;80;9663;
Retraso Compagnia;6;9664;
Retraso NAS;19;9665;
Retraso Compagnia;21;9666;
Retraso NAS;8;9667;
Retraso Compagnia;11;9668;
Retraso NAS;6;9669;
Retraso Compagnia;128;9670;
Retraso Previo;83;9671;
Retraso Compagnia;3;9672;
Retraso NAS;18;9673;
Retraso Previo;13;9674;
Retraso Compagnia;149;9675;
Retraso NAS;20;9676;
Retraso Compagnia;6;9677;
Retraso Previo;41;9678;
Retraso Compagnia;14;9679;
Retraso NAS;7;9680;
Retraso Previo;7;9681;
Retraso Previo;33;9682;
Retraso NAS;21;9683;
Retraso Compagnia;6;9684;
Retraso NAS;9;9685;
Retraso Compagnia;29;9686;
Retraso NAS;18;9687;
Retraso Compagnia;3;9688;
Retraso NAS;15;9689;
Retraso NAS;15;9690;
Retraso Previo;10;9691;
Retraso NAS;17;9692;
Retraso Compagnia;299;9693;
Retraso Previo;17;9694;
Retraso Compagnia;13;9695;
Retraso NAS;12;9696;
Retraso NAS;23;9697;
Retraso Compagnia;1;9698;
Retraso NAS;23;9699;
Retraso Compagnia;13;9700;
Retraso NAS;2;9701;
Retraso NAS;42;9702;
Retraso Compagnia;74;9703;
Retraso Compagnia;3;9704;
Retraso NAS;21;9705;
Retraso Compagnia;19;9706;
Retraso NAS;20;9707;
Retraso Previo;3;9708;
Retraso Compagnia;59;9709;
Retraso NAS;48;9710;
Retraso Meteorologico;18;9711;
Retraso NAS;25;9712;
Retraso Compagnia;62;9713;
Retraso Compagnia;103;9714;
Retraso NAS;1;9715;
Retraso Previo;40;9716;
Retraso NAS;24;9717;
Retraso Compagnia;13;9718;
Retraso NAS;12;9719;
Retraso Compagnia;16;9720;
Retraso Previo;4;9721;
Retraso Compagnia;51;9722;
Retraso Compagnia;56;9723;
Retraso NAS;4;9724;
Retraso Compagnia;8;9726;
Retraso Previo;41;9727;
Retraso Compagnia;2;9728;
Retraso NAS;19;9729;
Retraso Compagnia;31;9730;
Retraso NAS;13;9731;
Retraso Compagnia;6;9732;
Retraso Previo;9;9733;
Retraso NAS;44;9734;
Retraso NAS;100;9735;
Retraso NAS;17;9736;
Retraso Compagnia;22;9737;
Retraso Compagnia;4;9738;
Retraso Previo;40;9739;
Retraso Compagnia;95;9740;
Retraso Previo;54;9741;
Retraso Compagnia;30;9742;
Retraso NAS;3;9743;
Retraso Compagnia;3;9744;
Retraso NAS;30;9745;
Retraso Compagnia;20;9746;
Retraso NAS;43;9747;
Retraso NAS;28;9748;
Retraso NAS;3;9749;
Retraso Previo;20;9750;
Retraso Compagnia;24;9751;
Retraso NAS;7;9752;
Retraso NAS;17;9753;
Retraso Previo;25;9754;
Retraso NAS;38;9755;
Retraso Compagnia;9;9756;
Retraso NAS;9;9757;
Retraso Compagnia;11;9758;
Retraso NAS;12;9759;
Retraso Previo;6;9760;
Retraso Compagnia;1;9761;
Retraso NAS;1;9762;
Retraso Previo;19;9763;
Retraso Compagnia;14;9764;
Retraso Previo;1;9765;
Retraso Compagnia;4;9766;
Retraso NAS;66;9767;
Retraso NAS;21;9769;
Retraso Compagnia;1;9770;
Retraso NAS;14;9771;
Retraso Compagnia;50;9772;
Retraso NAS;27;9773;
Retraso Compagnia;2;9774;
Retraso NAS;36;9775;
Retraso Compagnia;11;9776;
Retraso NAS;50;9777;
Retraso NAS;15;9778;
Retraso Compagnia;7;9779;
Retraso NAS;22;9780;
Retraso Previo;6;9781;
Retraso Compagnia;5;9782;
Retraso Previo;18;9783;
Retraso Previo;114;9784;
Retraso Compagnia;13;9785;
Retraso NAS;15;9786;
Retraso Previo;4;9787;
Retraso NAS;21;9788;
Retraso Compagnia;3;9789;
Retraso NAS;31;9790;
Retraso Compagnia;163;9791;
Retraso NAS;2;9792;
Retraso Compagnia;5;9793;
Retraso Previo;13;9794;
Retraso Compagnia;20;9795;
Retraso NAS;14;9796;
Retraso Previo;1;9797;
Retraso Compagnia;3;9798;
Retraso NAS;17;9799;
Retraso Compagnia;3;9800;
Retraso NAS;24;9801;
Retraso NAS;41;9802;
Retraso Compagnia;15;9803;
Retraso NAS;95;9804;
Retraso Compagnia;1;9805;
Retraso NAS;17;9806;
Retraso Previo;6;9807;
Retraso NAS;16;9808;
Retraso NAS;18;9809;
Retraso Seguridad;5;9810;
Retraso NAS;25;9811;
Retraso Compagnia;35;9812;
Retraso Compagnia;29;9815;
Retraso NAS;10;9816;
Retraso NAS;26;9817;
Retraso NAS;22;9818;
Retraso Previo;18;9819;
Retraso NAS;1;9820;
Retraso Previo;49;9821;
Retraso NAS;2;9822;
Retraso Previo;81;9823;
Retraso Previo;53;9824;
Retraso Compagnia;1;9825;
Retraso Previo;19;9826;
Retraso Compagnia;8;9827;
Retraso NAS;11;9828;
Retraso NAS;17;9829;
Retraso NAS;14;9830;
Retraso Previo;3;9831;
Retraso Compagnia;2;9832;
Retraso NAS;16;9833;
Retraso NAS;16;9835;
Retraso Compagnia;76;9836;
Retraso NAS;5;9837;
Retraso NAS;53;9838;
Retraso Previo;3;9839;
Retraso NAS;28;9840;
Retraso Previo;23;9841;
Retraso NAS;127;9843;
Retraso Compagnia;4;9844;
Retraso NAS;16;9845;
Retraso Compagnia;10;9846;
Retraso NAS;11;9847;
Retraso NAS;20;9848;
Retraso NAS;26;9849;
Retraso Compagnia;4;9850;
Retraso NAS;12;9851;
Retraso NAS;15;9852;
Retraso Compagnia;186;9853;
Retraso Compagnia;11;9854;
Retraso NAS;27;9855;
Retraso Compagnia;4;9856;
Retraso NAS;11;9857;
Retraso Compagnia;15;9858;
Retraso NAS;6;9859;
Retraso NAS;16;9860;
Retraso NAS;45;9861;
Retraso NAS;14;9862;
Retraso Previo;7;9863;
Retraso NAS;16;9864;
Retraso Compagnia;4;9865;
Retraso NAS;17;9866;
Retraso NAS;19;9867;
Retraso Compagnia;76;9868;
Retraso Compagnia;1;9869;
Retraso NAS;21;9870;
Retraso NAS;132;9871;
Retraso Compagnia;30;9872;
Retraso NAS;22;9873;
Retraso Compagnia;7;9874;
Retraso NAS;17;9875;
Retraso NAS;27;9876;
Retraso NAS;20;9877;
Retraso Compagnia;4;9878;
Retraso NAS;21;9879;
Retraso Compagnia;1;9880;
Retraso NAS;14;9881;
Retraso Compagnia;4;9882;
Retraso NAS;24;9883;
Retraso NAS;15;9884;
Retraso NAS;15;9885;
Retraso Previo;14;9886;
Retraso Compagnia;24;9887;
Retraso Compagnia;46;9888;
Retraso Previo;48;9889;
Retraso Compagnia;12;9890;
Retraso NAS;3;9891;
Retraso Previo;77;9892;
Retraso Compagnia;9;9893;
Retraso Previo;28;9894;
Retraso Compagnia;55;9895;
Retraso Previo;2;9896;
Retraso Compagnia;3;9897;
Retraso NAS;11;9898;
Retraso Previo;2;9899;
Retraso NAS;24;9900;
Retraso Compagnia;1;9901;
Retraso NAS;15;9902;
Retraso NAS;19;9904;
Retraso Compagnia;78;9905;
Retraso Previo;11;9906;
Retraso Compagnia;84;9908;
Retraso Compagnia;7;9909;
Retraso Previo;41;9910;
Retraso Compagnia;3;9911;
Retraso NAS;18;9912;
Retraso Previo;6;9913;
Retraso Compagnia;6;9914;
Retraso NAS;9;9915;
Retraso Compagnia;13;9916;
Retraso NAS;9;9917;
Retraso Compagnia;1;9918;
Retraso NAS;13;9919;
Retraso Previo;13;9920;
Retraso NAS;19;9921;
Retraso NAS;19;9922;
Retraso Compagnia;14;9923;
Retraso NAS;9;9924;
Retraso Compagnia;19;9925;
Retraso Compagnia;14;9926;
Retraso NAS;7;9927;
Retraso Compagnia;11;9928;
Retraso NAS;10;9929;
Retraso NAS;21;9930;
Retraso Compagnia;24;9931;
Retraso NAS;14;9932;
Retraso Previo;12;9933;
Retraso Compagnia;34;9934;
Retraso NAS;3;9935;
Retraso Previo;12;9936;
Retraso Compagnia;40;9937;
Retraso Compagnia;1;9938;
Retraso NAS;54;9939;
Retraso Compagnia;6;9940;
Retraso Previo;36;9941;
Retraso Previo;16;9942;
Retraso NAS;16;9943;
Retraso Compagnia;38;9944;
Retraso NAS;22;9945;
Retraso Compagnia;13;9946;
Retraso NAS;17;9947;
Retraso Compagnia;25;9948;
Retraso NAS;11;9949;
Retraso NAS;15;9950;
Retraso Previo;56;9951;
Retraso Compagnia;3;9952;
Retraso Previo;32;9953;
Retraso Compagnia;26;9954;
Retraso NAS;16;9955;
Retraso NAS;15;9956;
Retraso Compagnia;28;9957;
Retraso Compagnia;6;9958;
Retraso Previo;14;9959;
Retraso NAS;1;9960;
Retraso Previo;30;9961;
Retraso Compagnia;1;9962;
Retraso Previo;35;9963;
Retraso Compagnia;3;9964;
Retraso Previo;86;9965;
Retraso Compagnia;9;9966;
Retraso NAS;8;9967;
Retraso Compagnia;18;9968;
Retraso Compagnia;10;9969;
Retraso Previo;81;9970;
Retraso Compagnia;28;9971;
Retraso NAS;6;9972;
Retraso Compagnia;105;9973;
Retraso Previo;63;9974;
Retraso Compagnia;141;9975;
Retraso Previo;4;9976;
Retraso NAS;130;9977;
Retraso NAS;10;9978;
Retraso Previo;8;9979;
Retraso Compagnia;23;9980;
Retraso NAS;10;9981;
Retraso NAS;52;9982;
Retraso NAS;25;9983;
Retraso NAS;142;9984;
Retraso NAS;2;9985;
Retraso Previo;36;9986;
Retraso Compagnia;12;9987;
Retraso NAS;8;9988;
Retraso NAS;24;9989;
Retraso Compagnia;9;9990;
Retraso NAS;5;9991;
Retraso Previo;22;9992;
Retraso Compagnia;33;9993;
Retraso NAS;37;9994;
Retraso NAS;15;9995;
Retraso NAS;27;9996;
Retraso Compagnia;41;9997;
Retraso Compagnia;18;9998;
Retraso Compagnia;12;9999;
Retraso NAS;6;10000;
Retraso Compagnia;2;10001;
Retraso NAS;15;10002;
Retraso NAS;15;10003;
Retraso NAS;41;10008;
Retraso Compagnia;20;10009;
Retraso NAS;18;10012;
Retraso NAS;6;10013;
Retraso Previo;12;10014;
Retraso NAS;33;10015;
Retraso NAS;41;10016;
Retraso Compagnia;63;10044;
Retraso Previo;37;10045;
Retraso Compagnia;53;10046;
Retraso Compagnia;31;10047;
Retraso Previo;1;10048;
Retraso Compagnia;11;10049;
Retraso Previo;53;10050;
Retraso Compagnia;55;10051;
Retraso Previo;26;10052;
Retraso Compagnia;27;10053;
Retraso Compagnia;2;10057;
Retraso NAS;1;10058;
Retraso Previo;15;10059;
Retraso Compagnia;11;10060;
Retraso Previo;4;10061;
Retraso Compagnia;7;10062;
Retraso Previo;8;10063;
Retraso Compagnia;53;10064;
Retraso Previo;35;10065;
Retraso NAS;13;10066;
Retraso Previo;70;10067;
Retraso Compagnia;6;10068;
Retraso Previo;65;10069;
Retraso NAS;9;10070;
Retraso Previo;57;10071;
Retraso Compagnia;17;10072;
Retraso Previo;2;10073;
Retraso Compagnia;5;10074;
Retraso Previo;20;10075;
Retraso Previo;23;10076;
Retraso Compagnia;1;10077;
Retraso Previo;20;10078;
Retraso NAS;16;10079;
Retraso Previo;120;10081;
Retraso Compagnia;27;10083;
Retraso NAS;9;10084;
Retraso Previo;92;10085;
Retraso Meteorologico;92;10086;
Retraso Previo;17;10087;
Retraso Compagnia;4;10088;
Retraso NAS;7;10089;
Retraso Previo;14;10090;
Retraso Compagnia;25;10091;
Retraso Compagnia;4;10094;
Retraso NAS;15;10095;
Retraso Previo;19;10096;
Retraso Compagnia;1;10097;
Retraso Previo;23;10098;
Retraso Compagnia;1;10099;
Retraso Previo;18;10100;
Retraso Compagnia;5;10101;
Retraso Previo;20;10102;
Retraso Compagnia;1;10103;
Retraso Previo;16;10104;
Retraso Previo;28;10105;
Retraso Compagnia;1;10106;
Retraso Previo;62;10107;
Retraso Previo;53;10108;
Retraso Previo;65;10109;
Retraso Compagnia;2;10110;
Retraso Previo;49;10111;
Retraso Compagnia;8;10112;
Retraso NAS;2;10113;
Retraso Previo;31;10114;
Retraso Compagnia;9;10115;
Retraso NAS;1;10116;
Retraso Previo;41;10117;
Retraso Compagnia;2;10119;
Retraso Previo;21;10120;
Retraso Compagnia;27;10121;
Retraso Compagnia;32;10122;
Retraso Compagnia;16;10123;
Retraso NAS;1;10124;
Retraso Previo;53;10126;
Retraso Previo;61;10127;
Retraso Compagnia;2;10129;
Retraso Previo;15;10130;
Retraso Compagnia;3;10131;
Retraso NAS;4;10132;
Retraso Previo;9;10133;
Retraso NAS;6;10134;
Retraso Previo;13;10135;
Retraso Compagnia;32;10136;
Retraso Previo;18;10137;
Retraso Previo;37;10140;
Retraso Compagnia;1;10141;
Retraso Previo;47;10142;
Retraso Compagnia;18;10143;
Retraso Previo;1;10144;
Retraso Previo;41;10145;
Retraso NAS;36;10146;
Retraso Previo;123;10147;
Retraso Previo;145;10148;
Retraso Previo;152;10149;
Retraso Compagnia;6;10150;
Retraso Previo;9;10151;
Retraso NAS;19;10152;
Retraso NAS;3;10153;
Retraso Previo;18;10154;
Retraso Compagnia;7;10155;
Retraso NAS;12;10156;
Retraso Compagnia;5;10157;
Retraso NAS;12;10158;
Retraso Previo;19;10159;
Retraso NAS;23;10160;
Retraso Previo;33;10161;
Retraso Previo;46;10162;
Retraso Meteorologico;1;10163;
Retraso NAS;12;10164;
Retraso Previo;39;10165;
Retraso Meteorologico;39;10166;
Retraso NAS;5;10167;
Retraso Previo;26;10168;
Retraso Compagnia;6;10169;
Retraso Previo;20;10170;
Retraso NAS;3;10171;
Retraso Previo;12;10172;
Retraso NAS;17;10173;
Retraso Previo;117;10174;
Retraso Compagnia;5;10175;
Retraso Previo;94;10176;
Retraso Compagnia;15;10177;
Retraso Compagnia;11;10178;
Retraso Previo;13;10179;
Retraso Compagnia;6;10180;
Retraso Previo;20;10181;
Retraso Compagnia;19;10183;
Retraso Compagnia;8;10184;
Retraso Previo;35;10185;
Retraso Compagnia;10;10186;
Retraso NAS;3;10187;
Retraso Previo;64;10188;
Retraso Compagnia;15;10189;
Retraso Compagnia;2;10190;
Retraso Previo;23;10191;
Retraso Seguridad;15;10192;
Retraso Compagnia;18;10193;
Retraso Compagnia;25;10194;
Retraso Previo;4;10195;
Retraso NAS;17;10196;
Retraso NAS;1;10197;
Retraso Previo;31;10198;
Retraso Compagnia;7;10199;
Retraso NAS;12;10200;
Retraso Previo;17;10201;
Retraso Compagnia;5;10202;
Retraso Previo;45;10203;
Retraso Compagnia;3;10204;
Retraso Previo;15;10205;
Retraso Compagnia;17;10206;
Retraso Previo;3;10207;
Retraso NAS;18;10208;
Retraso NAS;17;10209;
Retraso Compagnia;13;10210;
Retraso NAS;7;10211;
Retraso Previo;2;10212;
Retraso Compagnia;57;10213;
Retraso Compagnia;18;10214;
Retraso Previo;1;10215;
Retraso Previo;15;10216;
Retraso Compagnia;1;10217;
Retraso NAS;10;10218;
Retraso Previo;7;10219;
Retraso NAS;20;10220;
Retraso Compagnia;1;10222;
Retraso Previo;30;10223;
Retraso Compagnia;7;10224;
Retraso NAS;18;10225;
Retraso Previo;7;10226;
Retraso NAS;4;10227;
Retraso Previo;26;10228;
Retraso Previo;21;10229;
Retraso NAS;26;10230;
Retraso Compagnia;9;10232;
Retraso NAS;7;10233;
Retraso Previo;12;10234;
Retraso NAS;6;10235;
Retraso Previo;16;10236;
Retraso Compagnia;2;10237;
Retraso Previo;31;10238;
Retraso Previo;23;10239;
Retraso Compagnia;19;10240;
Retraso NAS;9;10241;
Retraso NAS;16;10243;
Retraso NAS;3;10244;
Retraso Previo;24;10245;
Retraso Compagnia;7;10246;
Retraso Previo;21;10247;
Retraso NAS;1;10248;
Retraso Previo;27;10249;
Retraso Previo;16;10250;
Retraso Seguridad;4;10251;
Retraso Previo;35;10252;
Retraso Compagnia;42;10253;
Retraso NAS;16;10254;
Retraso Previo;20;10256;
Retraso Previo;29;10257;
Retraso Compagnia;4;10258;
Retraso Previo;11;10259;
Retraso NAS;5;10260;
Retraso Seguridad;4;10261;
Retraso Previo;12;10262;
Retraso Compagnia;19;10264;
Retraso Compagnia;1;10265;
Retraso NAS;5;10266;
Retraso Previo;28;10267;
Retraso Compagnia;28;10268;
Retraso Compagnia;1;10269;
Retraso NAS;5;10270;
Retraso Previo;10;10271;
Retraso Compagnia;9;10272;
Retraso NAS;7;10273;
Retraso Previo;38;10274;
Retraso NAS;8;10275;
Retraso Previo;32;10276;
Retraso Compagnia;25;10277;
Retraso NAS;31;10278;
Retraso Meteorologico;1;10279;
Retraso Previo;23;10280;
Retraso Compagnia;47;10281;
Retraso Previo;6;10282;
Retraso Seguridad;8;10283;
Retraso Previo;17;10284;
Retraso Compagnia;2;10285;
Retraso NAS;10;10286;
Retraso Previo;6;10287;
Retraso Compagnia;1;10288;
Retraso Previo;22;10289;
Retraso Compagnia;32;10290;
Retraso Compagnia;24;10291;
Retraso NAS;4;10292;
Retraso Previo;12;10293;
Retraso Previo;26;10294;
Retraso Compagnia;2;10295;
Retraso Previo;25;10296;
Retraso Previo;34;10297;
Retraso Compagnia;17;10298;
Retraso NAS;26;10299;
Retraso Previo;3;10300;
Retraso Compagnia;9;10301;
Retraso NAS;6;10302;
Retraso Previo;190;10303;
Retraso NAS;190;10304;
Retraso NAS;1;10305;
Retraso Previo;162;10306;
Retraso Compagnia;17;10307;
Retraso Compagnia;21;10308;
Retraso Compagnia;8;10309;
Retraso Previo;12;10310;
Retraso Compagnia;8;10311;
Retraso Previo;10;10312;
Retraso Compagnia;57;10313;
Retraso Previo;9;10314;
Retraso Previo;50;10315;
Retraso Previo;40;10316;
Retraso Compagnia;31;10317;
Retraso Previo;17;10318;
Retraso Compagnia;32;10319;
Retraso Seguridad;7;10320;
Retraso Previo;9;10321;
Retraso NAS;37;10322;
Retraso Previo;2;10323;
Retraso Compagnia;10;10324;
Retraso Previo;10;10325;
Retraso Compagnia;15;10326;
Retraso Compagnia;16;10327;
Retraso NAS;2;10328;
Retraso Compagnia;3;10329;
Retraso Previo;76;10330;
Retraso Previo;58;10331;
Retraso NAS;15;10332;
Retraso Previo;72;10333;
Retraso NAS;1;10334;
Retraso Previo;65;10335;
Retraso NAS;13;10336;
Retraso Previo;70;10337;
Retraso Meteorologico;74;10338;
Retraso NAS;1;10339;
Retraso NAS;9;10340;
Retraso Previo;70;10341;
Retraso Compagnia;7;10342;
Retraso NAS;21;10343;
Retraso Compagnia;5;10344;
Retraso Previo;25;10345;
Retraso Compagnia;104;10346;
Retraso Previo;1;10347;
Retraso Compagnia;10;10348;
Retraso Previo;6;10349;
Retraso Compagnia;2;10350;
Retraso Previo;36;10351;
Retraso Previo;56;10352;
Retraso Previo;19;10353;
Retraso Compagnia;14;10354;
Retraso NAS;8;10355;
Retraso Previo;22;10356;
Retraso Compagnia;25;10357;
Retraso Previo;20;10358;
Retraso Compagnia;2;10359;
Retraso Previo;15;10360;
Retraso Previo;135;10361;
Retraso NAS;126;10362;
Retraso NAS;21;10363;
Retraso Previo;126;10364;
Retraso Compagnia;32;10365;
Retraso Compagnia;108;10366;
Retraso NAS;1;10367;
Retraso Previo;32;10368;
Retraso Previo;128;10369;
Retraso Previo;115;10370;
Retraso NAS;15;10372;
Retraso NAS;9;10373;
Retraso Previo;13;10374;
Retraso Meteorologico;76;10375;
Retraso Meteorologico;6;10376;
Retraso Previo;70;10377;
Retraso Compagnia;10;10378;
Retraso NAS;1;10379;
Retraso Previo;6;10380;
Retraso Compagnia;24;10381;
Retraso Previo;6;10382;
Retraso Compagnia;8;10383;
Retraso Previo;9;10384;
Retraso Compagnia;8;10385;
Retraso Previo;30;10386;
Retraso Compagnia;30;10387;
Retraso Previo;62;10388;
Retraso Previo;68;10389;
Retraso Compagnia;11;10390;
Retraso NAS;13;10391;
Retraso NAS;18;10392;
Retraso Compagnia;6;10393;
Retraso NAS;1;10394;
Retraso Previo;12;10395;
Retraso Previo;17;10396;
Retraso Compagnia;1;10397;
Retraso Previo;97;10398;
Retraso Compagnia;38;10399;
Retraso Previo;30;10400;
Retraso NAS;2;10401;
Retraso Previo;35;10402;
Retraso Compagnia;4;10403;
Retraso Previo;38;10404;
Retraso NAS;23;10405;
Retraso Compagnia;16;10406;
Retraso Previo;3;10407;
Retraso Compagnia;7;10408;
Retraso Previo;10;10409;
Retraso Compagnia;12;10410;
Retraso NAS;2;10411;
Retraso Previo;12;10412;
Retraso Previo;114;10413;
Retraso Compagnia;4;10414;
Retraso NAS;5;10415;
Retraso Previo;121;10416;
Retraso NAS;130;10417;
Retraso NAS;19;10418;
Retraso Compagnia;2;10419;
Retraso Previo;15;10420;
Retraso Meteorologico;16;10421;
Retraso NAS;2;10422;
Retraso Previo;1;10423;
Retraso Previo;51;10424;
Retraso Compagnia;5;10425;
Retraso Previo;52;10426;
Retraso Compagnia;38;10427;
Retraso Previo;8;10428;
Retraso Compagnia;16;10429;
Retraso NAS;22;10432;
Retraso Compagnia;2;10433;
Retraso Previo;45;10434;
Retraso Compagnia;6;10435;
Retraso NAS;2;10436;
Retraso Previo;47;10437;
Retraso Compagnia;49;10438;
Retraso Previo;22;10439;
Retraso Meteorologico;19;10440;
Retraso NAS;8;10441;
Retraso Previo;4;10442;
Retraso NAS;3;10443;
Retraso Previo;26;10444;
Retraso Compagnia;76;10445;
Retraso Compagnia;5;10446;
Retraso NAS;3;10447;
Retraso Previo;9;10448;
Retraso Compagnia;13;10449;
Retraso NAS;17;10450;
Retraso Previo;26;10451;
Retraso Compagnia;32;10452;
Retraso Previo;2;10453;
Retraso Compagnia;80;10455;
Retraso Compagnia;87;10456;
Retraso NAS;7;10457;
Retraso Previo;34;10458;
Retraso Previo;87;10459;
Retraso Compagnia;6;10460;
Retraso NAS;1;10461;
Retraso Previo;29;10462;
Retraso Compagnia;15;10463;
Retraso NAS;3;10464;
Retraso Previo;11;10465;
Retraso Compagnia;2;10466;
Retraso Previo;13;10467;
Retraso Compagnia;3;10468;
Retraso NAS;10;10469;
Retraso Previo;51;10470;
Retraso NAS;23;10471;
Retraso Previo;27;10472;
Retraso NAS;2;10473;
Retraso Previo;49;10474;
Retraso NAS;26;10475;
Retraso Previo;1;10476;
Retraso Previo;54;10477;
Retraso Compagnia;3;10478;
Retraso Previo;65;10479;
Retraso NAS;8;10480;
Retraso Previo;57;10481;
Retraso Previo;51;10482;
Retraso Compagnia;47;10483;
Retraso Compagnia;1;10484;
Retraso Previo;35;10485;
Retraso Compagnia;9;10486;
Retraso Previo;27;10487;
Retraso NAS;49;10488;
Retraso NAS;15;10489;
Retraso Previo;68;10491;
Retraso Previo;39;10492;
Retraso Previo;17;10493;
Retraso NAS;19;10494;
Retraso Compagnia;1;10495;
Retraso NAS;2;10496;
Retraso Previo;20;10497;
Retraso NAS;3;10498;
Retraso Previo;17;10499;
Retraso Compagnia;52;10500;
Retraso Previo;3;10501;
Retraso Compagnia;5;10502;
Retraso Previo;51;10503;
Retraso Compagnia;10;10504;
Retraso Previo;56;10505;
Retraso NAS;9;10506;
Retraso Previo;8;10507;
Retraso Compagnia;76;10508;
Retraso NAS;15;10509;
Retraso Compagnia;11;10510;
Retraso Previo;56;10511;
Retraso Compagnia;43;10512;
Retraso NAS;26;10513;
Retraso Compagnia;3;10514;
Retraso Previo;47;10515;
Retraso Previo;85;10516;
Retraso Compagnia;6;10517;
Retraso NAS;24;10518;
Retraso Previo;76;10519;
Retraso NAS;76;10520;
Retraso Previo;62;10521;
Retraso Previo;16;10522;
Retraso Compagnia;17;10523;
Retraso NAS;47;10524;
Retraso NAS;8;10525;
Retraso Previo;44;10526;
Retraso NAS;18;10527;
Retraso Compagnia;6;10528;
Retraso Previo;25;10529;
Retraso Compagnia;10;10530;
Retraso NAS;7;10531;
Retraso Previo;47;10532;
Retraso Previo;47;10533;
Retraso NAS;17;10534;
Retraso NAS;27;10535;
Retraso Compagnia;4;10536;
Retraso Previo;21;10537;
Retraso Compagnia;32;10538;
Retraso Compagnia;18;10539;
Retraso Previo;4;10540;
Retraso NAS;25;10541;
Retraso Compagnia;5;10542;
Retraso Previo;15;10543;
Retraso Compagnia;28;10544;
Retraso NAS;1;10545;
Retraso Previo;15;10546;
Retraso NAS;15;10547;
Retraso Meteorologico;45;10548;
Retraso NAS;25;10549;
Retraso Compagnia;9;10550;
Retraso Previo;35;10551;
Retraso Compagnia;22;10552;
Retraso NAS;15;10553;
Retraso Previo;44;10554;
Retraso NAS;37;10555;
Retraso Previo;61;10556;
Retraso Previo;63;10557;
Retraso Compagnia;21;10558;
Retraso NAS;16;10559;
Retraso Previo;45;10560;
Retraso Previo;55;10561;
Retraso Compagnia;9;10562;
Retraso NAS;6;10563;
Retraso Previo;2;10564;
Retraso Compagnia;113;10565;
Retraso Compagnia;2;10566;
Retraso Previo;15;10567;
Retraso Compagnia;50;10568;
Retraso NAS;8;10569;
Retraso NAS;7;10570;
Retraso Previo;43;10571;
Retraso Compagnia;3;10572;
Retraso Previo;44;10573;
Retraso Compagnia;3;10574;
Retraso NAS;10;10575;
Retraso Previo;16;10576;
Retraso Seguridad;12;10577;
Retraso Previo;4;10578;
Retraso NAS;6;10579;
Retraso Previo;30;10580;
Retraso Previo;36;10581;
Retraso Compagnia;3;10582;
Retraso NAS;4;10583;
Retraso Previo;19;10584;
Retraso Compagnia;8;10585;
Retraso NAS;1;10586;
Retraso Previo;10;10587;
Retraso Previo;19;10588;
Retraso Compagnia;26;10589;
Retraso Previo;13;10590;
Retraso Compagnia;7;10591;
Retraso Previo;9;10592;
Retraso Compagnia;39;10593;
Retraso NAS;8;10594;
Retraso Previo;12;10595;
Retraso Previo;21;10596;
Retraso Compagnia;20;10597;
Retraso NAS;8;10598;
Retraso Previo;7;10599;
Retraso Compagnia;1;10600;
Retraso Previo;16;10601;
Retraso NAS;19;10602;
Retraso Meteorologico;11;10603;
Retraso Previo;119;10604;
Retraso Compagnia;1;10605;
Retraso Previo;108;10606;
Retraso Previo;20;10607;
Retraso Compagnia;1;10608;
Retraso Previo;32;10609;
Retraso Compagnia;15;10610;
Retraso NAS;1;10611;
Retraso Previo;22;10612;
Retraso NAS;5;10613;
Retraso Previo;17;10614;
Retraso Compagnia;3;10615;
Retraso Previo;32;10616;
Retraso Compagnia;16;10617;
Retraso Previo;85;10618;
Retraso Compagnia;95;10619;
Retraso Compagnia;3;10620;
Retraso Previo;25;10621;
Retraso Compagnia;13;10622;
Retraso NAS;13;10623;
Retraso Previo;9;10624;
Retraso NAS;17;10625;
Retraso Compagnia;6;10626;
Retraso NAS;5;10627;
Retraso Previo;36;10628;
Retraso Compagnia;42;10629;
Retraso Compagnia;32;10630;
Retraso NAS;3;10631;
Retraso Compagnia;3;10632;
Retraso Previo;22;10633;
Retraso Compagnia;2;10634;
Retraso Previo;27;10635;
Retraso Compagnia;20;10636;
Retraso NAS;4;10637;
Retraso Previo;11;10638;
Retraso NAS;17;10639;
Retraso Compagnia;7;10640;
Retraso Previo;8;10641;
Retraso Compagnia;1;10642;
Retraso Previo;87;10643;
Retraso Previo;83;10644;
Retraso Previo;174;10645;
Retraso NAS;13;10646;
Retraso Previo;75;10647;
Retraso Compagnia;2;10648;
Retraso NAS;13;10649;
Retraso Previo;88;10650;
Retraso Previo;23;10651;
Retraso Compagnia;69;10652;
Retraso Previo;7;10653;
Retraso NAS;23;10654;
Retraso Previo;18;10655;
Retraso Compagnia;6;10656;
Retraso NAS;2;10657;
Retraso Previo;22;10658;
Retraso Compagnia;21;10659;
Retraso NAS;1;10660;
Retraso Compagnia;34;10661;
Retraso Previo;9;10662;
Retraso Previo;21;10664;
Retraso NAS;28;10665;
Retraso Compagnia;3;10666;
Retraso Previo;14;10667;
Retraso Meteorologico;12;10668;
Retraso NAS;7;10669;
Retraso Previo;58;10670;
Retraso Meteorologico;10;10671;
Retraso Previo;151;10672;
Retraso Compagnia;25;10673;
Retraso Compagnia;13;10674;
Retraso Previo;19;10675;
Retraso Previo;17;10676;
Retraso Compagnia;122;10677;
Retraso NAS;12;10678;
Retraso Previo;36;10679;
Retraso Compagnia;12;10680;
Retraso NAS;3;10681;
Retraso Previo;36;10682;
Retraso Compagnia;17;10683;
Retraso Compagnia;12;10684;
Retraso Previo;3;10685;
Retraso Compagnia;16;10686;
Retraso Previo;153;10687;
Retraso NAS;9;10688;
Retraso Previo;12;10689;
Retraso Previo;103;10691;
Retraso Meteorologico;65;10692;
Retraso NAS;40;10693;
Retraso NAS;17;10694;
Retraso Compagnia;8;10695;
Retraso Previo;20;10696;
Retraso Compagnia;1;10697;
Retraso Previo;86;10698;
Retraso Compagnia;3;10699;
Retraso Previo;25;10700;
Retraso NAS;8;10701;
Retraso Previo;19;10702;
Retraso Compagnia;9;10703;
Retraso Previo;10;10704;
Retraso NAS;87;10706;
Retraso Previo;15;10707;
Retraso Compagnia;15;10708;
Retraso Previo;15;10709;
Retraso Compagnia;4;10710;
Retraso NAS;17;10711;
Retraso Previo;11;10712;
Retraso NAS;4;10713;
Retraso Previo;49;10714;
Retraso NAS;11;10715;
Retraso Previo;52;10716;
Retraso Compagnia;79;10717;
Retraso Previo;1;10718;
Retraso Previo;15;10719;
Retraso Compagnia;15;10720;
Retraso Compagnia;2;10721;
Retraso Previo;13;10722;
Retraso Previo;147;10723;
Retraso NAS;1;10724;
Retraso Previo;135;10725;
Retraso Previo;110;10726;
Retraso NAS;2;10727;
Retraso Previo;152;10728;
Retraso Compagnia;6;10729;
Retraso NAS;7;10730;
Retraso Previo;8;10731;
Retraso Compagnia;2;10732;
Retraso Previo;16;10733;
Retraso Previo;31;10734;
Retraso Compagnia;4;10735;
Retraso NAS;3;10736;
Retraso Previo;28;10737;
Retraso Previo;15;10738;
Retraso Compagnia;26;10739;
Retraso Compagnia;10;10740;
Retraso NAS;6;10741;
Retraso Previo;1;10742;
Retraso Compagnia;12;10743;
Retraso NAS;9;10744;
Retraso Previo;7;10745;
Retraso Previo;16;10746;
Retraso Compagnia;1;10747;
Retraso NAS;8;10748;
Retraso Previo;12;10749;
Retraso Compagnia;5;10750;
Retraso NAS;5;10751;
Retraso Previo;50;10752;
Retraso NAS;40;10753;
Retraso Previo;10;10754;
Retraso Compagnia;19;10755;
Retraso Compagnia;3;10756;
Retraso NAS;9;10757;
Retraso Previo;19;10758;
Retraso Compagnia;2;10759;
Retraso NAS;3;10760;
Retraso Previo;14;10761;
Retraso Compagnia;58;10763;
Retraso Previo;14;10764;
Retraso Compagnia;5;10765;
Retraso Previo;75;10766;
Retraso Compagnia;1;10767;
Retraso Previo;19;10768;
Retraso Compagnia;10;10769;
Retraso Previo;17;10770;
Retraso Compagnia;6;10771;
Retraso NAS;1;10772;
Retraso Previo;14;10773;
Retraso Compagnia;3;10774;
Retraso NAS;15;10775;
Retraso Previo;12;10776;
Retraso Compagnia;2;10777;
Retraso NAS;1;10778;
Retraso Previo;50;10779;
Retraso NAS;6;10781;
Retraso Previo;20;10782;
Retraso NAS;4;10783;
Retraso Previo;18;10784;
Retraso Compagnia;20;10785;
Retraso NAS;2;10786;
Retraso NAS;5;10787;
Retraso Previo;28;10788;
Retraso NAS;10;10789;
Retraso Previo;21;10790;
Retraso Previo;107;10791;
Retraso Previo;74;10792;
Retraso Compagnia;56;10793;
Retraso Previo;27;10794;
Retraso Previo;26;10795;
Retraso NAS;3;10796;
Retraso Previo;24;10797;
Retraso NAS;23;10798;
Retraso NAS;16;10799;
Retraso Compagnia;2;10800;
Retraso Previo;13;10801;
Retraso Previo;19;10802;
Retraso Compagnia;2;10803;
Retraso NAS;3;10804;
Retraso Previo;26;10805;
Retraso Compagnia;9;10806;
Retraso Previo;77;10807;
Retraso Compagnia;45;10808;
Retraso Compagnia;3;10809;
Retraso Previo;21;10810;
Retraso Compagnia;26;10811;
Retraso NAS;3;10812;
Retraso NAS;121;10813;
Retraso Previo;21;10814;
Retraso Compagnia;1;10815;
Retraso NAS;4;10816;
Retraso Previo;16;10817;
Retraso Meteorologico;7;10818;
Retraso Previo;146;10819;
Retraso Compagnia;34;10820;
Retraso Previo;12;10821;
Retraso Previo;34;10822;
Retraso Previo;30;10823;
Retraso Compagnia;4;10824;
Retraso Previo;43;10825;
Retraso Compagnia;42;10826;
Retraso Compagnia;14;10827;
Retraso NAS;18;10828;
Retraso Previo;18;10829;
Retraso Compagnia;31;10830;
Retraso Compagnia;1;10831;
Retraso Previo;52;10832;
Retraso Compagnia;3;10833;
Retraso Previo;67;10834;
Retraso Previo;39;10835;
Retraso Compagnia;6;10836;
Retraso Previo;10;10837;
Retraso NAS;16;10838;
Retraso NAS;3;10839;
Retraso Previo;12;10840;
Retraso Previo;62;10841;
Retraso Compagnia;38;10842;
Retraso NAS;3;10843;
Retraso Previo;1;10844;
Retraso Previo;33;10845;
Retraso NAS;25;10846;
Retraso Previo;21;10847;
Retraso Compagnia;21;10848;
Retraso NAS;13;10849;
Retraso Previo;70;10850;
Retraso Compagnia;16;10851;
Retraso Previo;98;10852;
Retraso NAS;28;10853;
Retraso Previo;9;10854;
Retraso Compagnia;5;10855;
Retraso NAS;4;10856;
Retraso Previo;37;10857;
Retraso Compagnia;8;10858;
Retraso Previo;9;10859;
Retraso Compagnia;15;10860;
Retraso Previo;5;10861;
Retraso Previo;24;10862;
Retraso Compagnia;2;10864;
Retraso Previo;135;10865;
Retraso Compagnia;8;10866;
Retraso Previo;30;10867;
Retraso Compagnia;39;10868;
Retraso Meteorologico;17;10869;
Retraso Meteorologico;145;10870;
Retraso NAS;15;10871;
Retraso Meteorologico;7;10872;
Retraso NAS;12;10873;
Retraso Previo;160;10874;
Retraso Compagnia;5;10875;
Retraso Previo;41;10876;
Retraso Previo;28;10877;
Retraso Compagnia;40;10878;
Retraso Previo;7;10879;
Retraso Compagnia;9;10880;
Retraso Previo;6;10881;
Retraso Compagnia;7;10882;
Retraso Previo;14;10883;
Retraso Compagnia;6;10884;
Retraso NAS;9;10885;
Retraso Compagnia;4;10886;
Retraso NAS;15;10887;
Retraso Previo;28;10888;
Retraso Compagnia;28;10889;
Retraso Compagnia;9;10890;
Retraso Previo;7;10891;
Retraso NAS;15;10892;
Retraso Compagnia;3;10893;
Retraso NAS;10;10894;
Retraso Previo;26;10895;
Retraso Previo;26;10896;
Retraso NAS;12;10897;
Retraso Previo;26;10898;
Retraso Compagnia;14;10899;
Retraso NAS;7;10900;
Retraso Previo;3;10901;
Retraso Compagnia;10;10902;
Retraso NAS;6;10903;
Retraso Compagnia;5;10904;
Retraso Previo;36;10905;
Retraso Seguridad;10;10906;
Retraso Previo;26;10907;
Retraso Compagnia;16;10908;
Retraso NAS;21;10909;
Retraso Compagnia;5;10910;
Retraso Previo;29;10911;
Retraso Compagnia;1;10912;
Retraso Previo;14;10913;
Retraso NAS;82;10914;
Retraso Previo;88;10915;
Retraso Compagnia;4;10916;
Retraso NAS;10;10917;
Retraso Previo;82;10918;
Retraso NAS;14;10919;
Retraso Previo;31;10920;
Retraso Compagnia;10;10921;
Retraso Previo;21;10922;
Retraso Compagnia;5;10923;
Retraso NAS;4;10924;
Retraso Previo;8;10925;
Retraso Meteorologico;50;10926;
Retraso Previo;26;10927;
Retraso NAS;6;10928;
Retraso Previo;25;10929;
Retraso Compagnia;26;10930;
Retraso NAS;69;10931;
Retraso Compagnia;125;10932;
Retraso Compagnia;36;10933;
Retraso Compagnia;31;10934;
Retraso NAS;2;10935;
Retraso Previo;29;10936;
Retraso Compagnia;7;10938;
Retraso Previo;10;10939;
Retraso Compagnia;36;10940;
Retraso Previo;39;10941;
Retraso Compagnia;4;10942;
Retraso Previo;34;10943;
Retraso Compagnia;43;10944;
Retraso NAS;1;10945;
Retraso Compagnia;13;10946;
Retraso Previo;64;10947;
Retraso Previo;59;10948;
Retraso Compagnia;68;10949;
Retraso Previo;2;10950;
Retraso Compagnia;25;10951;
Retraso Compagnia;1;10952;
Retraso Previo;14;10953;
Retraso Compagnia;6;10954;
Retraso Previo;20;10955;
Retraso Previo;23;10956;
Retraso Compagnia;4;10957;
Retraso Previo;18;10958;
Retraso NAS;4;10959;
Retraso Previo;20;10960;
Retraso NAS;20;10961;
Retraso Previo;29;10962;
Retraso Compagnia;5;10963;
Retraso Previo;21;10964;
Retraso NAS;16;10965;
Retraso Compagnia;61;10966;
Retraso NAS;5;10967;
Retraso Previo;1;10968;
Retraso Compagnia;2;10969;
Retraso NAS;3;10970;
Retraso Previo;21;10971;
Retraso NAS;25;10972;
Retraso NAS;3;10973;
Retraso Previo;21;10974;
Retraso Compagnia;28;10975;
Retraso Previo;23;10976;
Retraso Compagnia;13;10977;
Retraso Previo;18;10978;
Retraso Previo;21;10979;
Retraso Previo;19;10980;
Retraso Previo;23;10981;
Retraso Seguridad;3;10982;
Retraso Previo;20;10983;
Retraso Compagnia;3;10984;
Retraso Previo;24;10985;
Retraso NAS;16;10986;
Retraso Previo;37;10987;
Retraso NAS;10;10988;
Retraso Previo;37;10989;
Retraso NAS;37;10990;
Retraso Compagnia;12;10991;
Retraso Previo;21;10992;
Retraso Compagnia;9;10993;
Retraso NAS;4;10994;
Retraso Previo;12;10995;
Retraso NAS;5;10996;
Retraso Previo;13;10997;
Retraso NAS;17;10998;
Retraso Compagnia;8;10999;
Retraso Previo;7;11000;
Retraso NAS;114;11001;
Retraso NAS;3;11002;
Retraso Previo;55;11003;
Retraso Previo;38;11004;
Retraso Compagnia;22;11005;
Retraso Compagnia;13;11006;
Retraso NAS;12;11007;
Retraso Previo;10;11008;
Retraso Compagnia;33;11010;
Retraso NAS;4;11011;
Retraso Previo;75;11012;
Retraso Compagnia;75;11013;
Retraso NAS;57;11014;
Retraso Previo;29;11015;
Retraso Compagnia;4;11016;
Retraso Previo;11;11017;
Retraso Compagnia;13;11018;
Retraso NAS;3;11019;
Retraso Previo;32;11020;
Retraso Compagnia;2;11021;
Retraso Previo;30;11022;
Retraso Previo;55;11024;
Retraso Compagnia;3;11025;
Retraso NAS;14;11026;
Retraso Previo;21;11027;
Retraso Compagnia;21;11028;
Retraso NAS;13;11029;
Retraso Previo;12;11030;
Retraso Compagnia;3;11031;
Retraso Previo;21;11032;
Retraso NAS;15;11033;
Retraso Previo;22;11034;
Retraso Compagnia;21;11035;
Retraso Compagnia;36;11036;
Retraso Compagnia;19;11037;
Retraso Previo;20;11038;
Retraso Compagnia;17;11039;
Retraso Compagnia;33;11040;
Retraso Previo;6;11041;
Retraso NAS;25;11042;
Retraso Previo;16;11043;
Retraso Previo;51;11044;
Retraso Previo;29;11045;
Retraso Previo;56;11046;
Retraso Previo;39;11047;
Retraso Compagnia;41;11048;
Retraso NAS;14;11049;
Retraso Previo;6;11050;
Retraso Compagnia;42;11051;
Retraso Previo;41;11052;
Retraso Compagnia;12;11053;
Retraso Previo;5;11054;
Retraso Compagnia;18;11055;
Retraso Previo;28;11056;
Retraso Compagnia;4;11057;
Retraso Previo;40;11058;
Retraso Previo;41;11059;
Retraso Previo;25;11060;
Retraso Compagnia;26;11061;
Retraso NAS;5;11062;
Retraso Compagnia;6;11063;
Retraso Previo;59;11064;
Retraso Compagnia;13;11065;
Retraso NAS;5;11066;
Retraso Previo;41;11067;
Retraso Compagnia;41;11068;
Retraso Compagnia;1;11069;
Retraso Previo;21;11070;
Retraso NAS;16;11071;
Retraso Previo;5;11072;
Retraso Compagnia;6;11073;
Retraso Previo;26;11074;
Retraso Compagnia;12;11075;
Retraso Previo;30;11076;
Retraso Compagnia;17;11077;
Retraso Previo;18;11078;
Retraso Compagnia;9;11079;
Retraso Previo;26;11080;
Retraso Compagnia;31;11081;
Retraso NAS;7;11082;
Retraso Previo;5;11083;
Retraso Previo;34;11084;
Retraso Compagnia;25;11085;
Retraso Compagnia;19;11086;
Retraso NAS;1;11087;
Retraso Compagnia;1;11088;
Retraso Previo;20;11089;
Retraso Compagnia;1;11090;
Retraso Previo;20;11091;
Retraso Compagnia;34;11092;
Retraso Seguridad;8;11095;
Retraso Previo;26;11096;
Retraso Previo;16;11097;
Retraso Compagnia;4;11098;
Retraso Previo;13;11099;
Retraso Compagnia;27;11100;
Retraso Previo;2;11101;
Retraso NAS;18;11102;
Retraso Previo;10;11103;
Retraso Compagnia;4;11104;
Retraso Previo;20;11105;
Retraso Compagnia;11;11106;
Retraso Previo;20;11107;
Retraso Compagnia;34;11108;
Retraso Compagnia;4;11109;
Retraso Previo;11;11110;
Retraso Compagnia;1;11111;
Retraso Previo;18;11112;
Retraso Compagnia;10;11113;
Retraso Previo;10;11114;
Retraso Meteorologico;3;11116;
Retraso Previo;44;11117;
Retraso Compagnia;7;11118;
Retraso NAS;5;11119;
Retraso Previo;11;11120;
Retraso Compagnia;4;11121;
Retraso Previo;22;11122;
Retraso Compagnia;4;11123;
Retraso Previo;11;11124;
Retraso Compagnia;5;11125;
Retraso NAS;8;11126;
Retraso Previo;20;11127;
Retraso Previo;20;11128;
Retraso Compagnia;3;11129;
Retraso Previo;24;11130;
Retraso Compagnia;4;11131;
Retraso Previo;29;11132;
Retraso Previo;21;11133;
Retraso NAS;21;11134;
Retraso Compagnia;22;11135;
Retraso NAS;1;11136;
Retraso Previo;16;11137;
Retraso Compagnia;24;11138;
Retraso Previo;5;11139;
Retraso Compagnia;18;11140;
Retraso Previo;3;11141;
Retraso Meteorologico;22;11142;
Retraso Compagnia;6;11143;
Retraso NAS;2;11144;
Retraso Previo;15;11145;
Retraso Compagnia;1;11146;
Retraso Previo;20;11147;
Retraso Compagnia;8;11148;
Retraso Previo;13;11149;
Retraso Compagnia;3;11150;
Retraso Previo;18;11151;
Retraso Previo;15;11152;
Retraso Previo;55;11153;
Retraso Compagnia;39;11154;
Retraso NAS;30;11155;
Retraso Compagnia;8;11156;
Retraso Previo;54;11157;
Retraso Compagnia;1;11158;
Retraso Previo;29;11159;
Retraso Compagnia;3;11160;
Retraso Previo;33;11161;
Retraso Compagnia;11;11162;
Retraso NAS;18;11163;
Retraso Previo;36;11164;
Retraso Compagnia;6;11165;
Retraso Previo;64;11166;
Retraso Compagnia;15;11167;
Retraso Compagnia;2;11169;
Retraso NAS;3;11170;
Retraso Previo;10;11171;
Retraso NAS;4;11172;
Retraso Previo;18;11173;
Retraso Compagnia;6;11174;
Retraso Previo;12;11175;
Retraso Compagnia;22;11176;
Retraso Previo;20;11177;
Retraso Compagnia;5;11178;
Retraso Previo;17;11179;
Retraso NAS;51;11180;
Retraso Compagnia;68;11181;
Retraso NAS;8;11182;
Retraso Compagnia;8;11183;
Retraso Previo;9;11184;
Retraso Previo;24;11185;
Retraso Previo;22;11186;
Retraso Previo;40;11187;
Retraso Compagnia;7;11188;
Retraso Previo;38;11189;
Retraso Compagnia;9;11190;
Retraso NAS;1;11191;
Retraso Previo;40;11192;
Retraso Compagnia;26;11193;
Retraso Previo;34;11194;
Retraso Compagnia;9;11195;
Retraso Previo;55;11196;
Retraso Previo;17;11197;
Retraso NAS;1;11198;
Retraso Previo;17;11199;
Retraso Compagnia;32;11200;
Retraso Compagnia;15;11201;
Retraso NAS;1;11202;
Retraso Previo;2;11203;
Retraso Compagnia;11;11204;
Retraso Previo;26;11205;
Retraso NAS;11;11206;
Retraso Previo;16;11207;
Retraso Compagnia;3;11208;
Retraso NAS;4;11209;
Retraso Previo;10;11210;
Retraso Compagnia;1;11211;
Retraso Previo;14;11212;
Retraso Previo;23;11213;
Retraso NAS;15;11214;
Retraso Compagnia;3;11215;
Retraso Previo;34;11216;
Retraso Compagnia;47;11217;
Retraso Compagnia;2;11218;
Retraso Previo;19;11219;
Retraso Compagnia;50;11220;
Retraso Previo;10;11221;
Retraso Previo;39;11222;
Retraso Compagnia;30;11223;
Retraso Previo;16;11224;
Retraso Compagnia;84;11225;
Retraso NAS;16;11226;
Retraso Previo;104;11227;
Retraso Compagnia;7;11228;
Retraso Previo;9;11229;
Retraso Meteorologico;176;11230;
Retraso NAS;6;11231;
Retraso Meteorologico;61;11232;
Retraso Compagnia;9;11233;
Retraso NAS;9;11234;
Retraso Previo;141;11237;
Retraso Compagnia;13;11238;
Retraso Previo;4;11239;
Retraso NAS;7;11240;
Retraso Previo;71;11241;
Retraso NAS;17;11242;
Retraso NAS;6;11243;
Retraso Previo;17;11244;
Retraso Previo;32;11245;
Retraso Compagnia;10;11246;
Retraso Previo;14;11247;
Retraso Compagnia;7;11248;
Retraso Previo;11;11249;
Retraso NAS;16;11250;
Retraso Compagnia;7;11251;
Retraso Previo;35;11252;
Retraso Compagnia;3;11253;
Retraso NAS;4;11254;
Retraso Previo;9;11255;
Retraso NAS;6;11256;
Retraso Previo;10;11257;
Retraso NAS;4;11258;
Retraso Previo;11;11259;
Retraso Previo;20;11261;
Retraso Previo;26;11262;
Retraso Previo;16;11263;
Retraso Compagnia;16;11264;
Retraso Previo;4;11265;
Retraso Previo;17;11266;
Retraso Previo;26;11267;
Retraso Compagnia;1;11268;
Retraso NAS;2;11269;
Retraso Previo;26;11270;
Retraso NAS;12;11271;
Retraso Previo;163;11272;
Retraso Compagnia;5;11273;
Retraso Previo;10;11274;
Retraso NAS;8;11275;
Retraso Previo;78;11276;
Retraso NAS;2;11277;
Retraso Previo;36;11278;
Retraso Compagnia;4;11279;
Retraso Previo;34;11280;
Retraso Previo;25;11281;
Retraso NAS;4;11282;
Retraso Previo;20;11283;
Retraso NAS;20;11284;
Retraso Compagnia;11;11285;
Retraso Previo;6;11286;
Retraso Compagnia;3;11287;
Retraso NAS;6;11288;
Retraso Previo;15;11289;
Retraso Compagnia;1;11290;
Retraso Previo;20;11291;
Retraso NAS;21;11292;
Retraso NAS;3;11293;
Retraso Previo;19;11294;
Retraso Compagnia;10;11295;
Retraso Previo;7;11296;
Retraso Compagnia;4;11297;
Retraso Previo;42;11298;
Retraso Compagnia;10;11299;
Retraso Previo;9;11300;
Retraso NAS;18;11301;
Retraso Previo;15;11302;
Retraso Compagnia;6;11303;
Retraso NAS;10;11304;
Retraso Compagnia;10;11305;
Retraso Previo;107;11306;
Retraso Previo;66;11307;
Retraso Previo;108;11308;
Retraso Previo;88;11309;
Retraso NAS;8;11310;
Retraso Previo;104;11311;
Retraso Meteorologico;93;11312;
Retraso NAS;10;11313;
Retraso Previo;1;11314;
Retraso NAS;20;11315;
Retraso Compagnia;21;11316;
Retraso Compagnia;21;11317;
Retraso NAS;3;11318;
Retraso Compagnia;5;11319;
Retraso Previo;14;11320;
Retraso Compagnia;52;11321;
Retraso Previo;2;11322;
Retraso Previo;15;11323;
Retraso Compagnia;9;11324;
Retraso Previo;29;11325;
Retraso Compagnia;8;11326;
Retraso Previo;29;11327;
Retraso Compagnia;27;11329;
Retraso NAS;6;11330;
Retraso Previo;1;11331;
Retraso NAS;2;11332;
Retraso Previo;16;11333;
Retraso Compagnia;5;11334;
Retraso Previo;43;11335;
Retraso Previo;77;11336;
Retraso Compagnia;44;11337;
Retraso NAS;1;11338;
Retraso NAS;17;11339;
Retraso Compagnia;69;11340;
Retraso NAS;1;11341;
Retraso Compagnia;8;11342;
Retraso Previo;9;11343;
Retraso Previo;87;11344;
Retraso Compagnia;2;11345;
Retraso NAS;23;11346;
Retraso Previo;73;11347;
Retraso Compagnia;42;11349;
Retraso Previo;7;11350;
Retraso Compagnia;48;11351;
Retraso NAS;13;11352;
Retraso Compagnia;20;11353;
Retraso Compagnia;8;11354;
Retraso NAS;7;11355;
Retraso Previo;10;11356;
Retraso Previo;61;11357;
Retraso Previo;46;11358;
Retraso Compagnia;23;11359;
Retraso NAS;3;11360;
Retraso Previo;18;11361;
Retraso Compagnia;15;11362;
Retraso Previo;11;11363;
Retraso Compagnia;47;11364;
Retraso Compagnia;87;11365;
Retraso NAS;15;11366;
Retraso Compagnia;2;11367;
Retraso Previo;55;11368;
Retraso Compagnia;1;11369;
Retraso Previo;50;11370;
Retraso Compagnia;1;11371;
Retraso Previo;23;11372;
Retraso Compagnia;32;11373;
Retraso Meteorologico;62;11374;
Retraso Previo;27;11375;
Retraso Previo;49;11376;
Retraso Previo;121;11377;
Retraso Compagnia;8;11378;
Retraso Previo;132;11379;
Retraso Compagnia;24;11380;
Retraso Compagnia;10;11381;
Retraso Previo;17;11382;
Retraso NAS;18;11383;
Retraso Compagnia;27;11384;
Retraso Previo;2;11385;
Retraso Previo;18;11386;
Retraso Previo;21;11387;
Retraso Compagnia;2;11388;
Retraso Previo;35;11389;
Retraso Previo;22;11390;
Retraso Previo;21;11391;
Retraso Compagnia;33;11392;
Retraso NAS;25;11393;
Retraso Compagnia;43;11395;
Retraso NAS;3;11396;
Retraso Compagnia;9;11397;
Retraso NAS;6;11398;
Retraso Previo;4;11399;
Retraso Meteorologico;7;11400;
Retraso Previo;76;11401;
Retraso Compagnia;97;11402;
Retraso Previo;3;11403;
Retraso Compagnia;36;11404;
Retraso Compagnia;1;11405;
Retraso NAS;1;11406;
Retraso Previo;101;11407;
Retraso Compagnia;1;11408;
Retraso NAS;6;11409;
Retraso Previo;94;11410;
Retraso Compagnia;26;11411;
Retraso Previo;3;11412;
Retraso Compagnia;17;11413;
Retraso Previo;25;11414;
Retraso Compagnia;29;11416;
Retraso NAS;5;11417;
Retraso Previo;35;11418;
Retraso NAS;14;11419;
Retraso Previo;20;11420;
Retraso Compagnia;1;11421;
Retraso Previo;33;11422;
Retraso NAS;20;11423;
Retraso Previo;73;11424;
Retraso Compagnia;6;11425;
Retraso Previo;52;11426;
Retraso Compagnia;1;11427;
Retraso Previo;21;11428;
Retraso Compagnia;2;11429;
Retraso NAS;5;11430;
Retraso Previo;60;11431;
Retraso Meteorologico;60;11432;
Retraso Compagnia;6;11433;
Retraso Previo;130;11434;
Retraso NAS;22;11435;
Retraso Previo;124;11436;
Retraso Compagnia;78;11437;
Retraso Previo;61;11438;
Retraso Compagnia;29;11439;
Retraso Previo;13;11440;
Retraso Compagnia;7;11441;
Retraso Previo;8;11442;
Retraso Compagnia;3;11443;
Retraso NAS;5;11444;
Retraso Previo;63;11445;
Retraso Compagnia;60;11446;
Retraso NAS;3;11447;
Retraso Previo;54;11448;
Retraso Compagnia;8;11450;
Retraso NAS;7;11451;
Retraso Previo;149;11452;
Retraso NAS;16;11453;
Retraso Previo;24;11454;
Retraso Compagnia;5;11455;
Retraso Previo;22;11456;
Retraso Compagnia;23;11457;
Retraso Previo;32;11458;
Retraso Compagnia;9;11459;
Retraso NAS;4;11460;
Retraso Previo;20;11461;
Retraso Compagnia;4;11462;
Retraso Previo;33;11463;
Retraso Previo;106;11464;
Retraso Compagnia;6;11466;
Retraso NAS;1;11467;
Retraso Previo;16;11468;
Retraso Compagnia;8;11469;
Retraso NAS;7;11470;
Retraso Previo;1;11471;
Retraso Meteorologico;83;11472;
Retraso Compagnia;2;11473;
Retraso NAS;35;11474;
Retraso Previo;57;11475;
Retraso NAS;26;11476;
Retraso Previo;19;11477;
Retraso NAS;15;11478;
Retraso Compagnia;9;11479;
Retraso NAS;1;11480;
Retraso Previo;10;11481;
Retraso Compagnia;12;11482;
Retraso NAS;8;11483;
Retraso Previo;3;11484;
Retraso NAS;2;11485;
Retraso Previo;90;11486;
Retraso Compagnia;95;11487;
Retraso Compagnia;29;11488;
Retraso Previo;8;11489;
Retraso NAS;15;11490;
Retraso Compagnia;17;11491;
Retraso Compagnia;2;11492;
Retraso Previo;16;11493;
Retraso Compagnia;49;11494;
Retraso Previo;18;11495;
Retraso Compagnia;1;11496;
Retraso Previo;28;11497;
Retraso Compagnia;34;11498;
Retraso NAS;16;11499;
Retraso Compagnia;19;11500;
Retraso NAS;3;11501;
Retraso Previo;16;11502;
Retraso Compagnia;18;11503;
Retraso Compagnia;10;11504;
Retraso NAS;6;11505;
Retraso Compagnia;30;11506;
Retraso NAS;17;11507;
Retraso NAS;15;11508;
Retraso Previo;16;11509;
Retraso Compagnia;21;11510;
Retraso NAS;4;11511;
Retraso Compagnia;8;11512;
Retraso Previo;42;11513;
Retraso Compagnia;1;11514;
Retraso NAS;4;11515;
Retraso Previo;43;11516;
Retraso Compagnia;2;11517;
Retraso Previo;16;11518;
Retraso Compagnia;38;11519;
Retraso Seguridad;14;11520;
Retraso Previo;12;11521;
Retraso Compagnia;10;11522;
Retraso Previo;30;11523;
Retraso Compagnia;3;11524;
Retraso Previo;25;11525;
Retraso Compagnia;8;11526;
Retraso Previo;24;11527;
Retraso Compagnia;1;11528;
Retraso Previo;37;11529;
Retraso NAS;28;11530;
Retraso Compagnia;7;11531;
Retraso NAS;3;11532;
Retraso Previo;28;11533;
Retraso Compagnia;18;11534;
Retraso NAS;3;11535;
Retraso Compagnia;32;11536;
Retraso Previo;4;11537;
Retraso Previo;84;11538;
Retraso Compagnia;10;11539;
Retraso Previo;5;11540;
Retraso Compagnia;3;11541;
Retraso NAS;9;11542;
Retraso Previo;28;11543;
Retraso NAS;8;11544;
Retraso Previo;17;11545;
Retraso NAS;12;11546;
Retraso Previo;16;11547;
Retraso NAS;23;11548;
Retraso Compagnia;9;11549;
Retraso NAS;9;11550;
Retraso Previo;1;11551;
Retraso NAS;12;11552;
Retraso Seguridad;4;11553;
Retraso Previo;4;11554;
Retraso Compagnia;1;11555;
Retraso Previo;75;11556;
Retraso Previo;77;11557;
Retraso Compagnia;37;11558;
Retraso Previo;50;11559;
Retraso Previo;56;11560;
Retraso Previo;75;11561;
Retraso NAS;55;11562;
Retraso Compagnia;79;11563;
Retraso Compagnia;2;11564;
Retraso Previo;13;11565;
Retraso Compagnia;2;11566;
Retraso Previo;17;11567;
Retraso Compagnia;2;11568;
Retraso Previo;72;11569;
Retraso Meteorologico;40;11570;
Retraso NAS;18;11571;
Retraso Compagnia;91;11572;
Retraso NAS;27;11573;
Retraso Previo;127;11574;
Retraso NAS;22;11575;
Retraso Previo;73;11576;
Retraso Compagnia;1;11577;
Retraso NAS;9;11578;
Retraso Previo;65;11579;
Retraso Previo;65;11580;
Retraso Compagnia;12;11581;
Retraso NAS;2;11582;
Retraso Previo;128;11583;
Retraso NAS;7;11584;
Retraso Previo;137;11585;
Retraso Compagnia;1;11586;
Retraso Previo;115;11587;
Retraso Compagnia;128;11588;
Retraso Compagnia;47;11589;
Retraso NAS;2;11590;
Retraso Seguridad;9;11591;
Retraso Previo;54;11592;
Retraso Meteorologico;41;11593;
Retraso Previo;14;11594;
Retraso NAS;22;11595;
Retraso Previo;14;11596;
Retraso Previo;18;11597;
Retraso Previo;35;11598;
Retraso NAS;8;11599;
Retraso Previo;17;11600;
Retraso Compagnia;9;11601;
Retraso NAS;1;11602;
Retraso Previo;5;11603;
Retraso Compagnia;2;11604;
Retraso NAS;4;11605;
Retraso Previo;30;11606;
Retraso Compagnia;3;11607;
Retraso Previo;17;11608;
Retraso Compagnia;30;11609;
Retraso Compagnia;55;11610;
Retraso NAS;1;11611;
Retraso Previo;2;11612;
Retraso Compagnia;41;11613;
Retraso Previo;3;11614;
Retraso Previo;33;11615;
Retraso Compagnia;6;11616;
Retraso Previo;10;11617;
Retraso NAS;17;11618;
Retraso Previo;51;11619;
Retraso Previo;24;11620;
Retraso Compagnia;4;11621;
Retraso Previo;143;11622;
Retraso Previo;135;11623;
Retraso NAS;20;11624;
Retraso Previo;132;11625;
Retraso Previo;128;11626;
Retraso NAS;15;11627;
Retraso Previo;141;11628;
Retraso NAS;141;11629;
Retraso Previo;50;11630;
Retraso Compagnia;49;11631;
Retraso NAS;7;11632;
Retraso Compagnia;4;11633;
Retraso NAS;30;11634;
Retraso Previo;4;11635;
Retraso Compagnia;114;11636;
Retraso NAS;47;11637;
Retraso Previo;6;11638;
Retraso Compagnia;3;11639;
Retraso Previo;44;11640;
Retraso Compagnia;4;11642;
Retraso Previo;11;11643;
Retraso Compagnia;86;11644;
Retraso NAS;2;11645;
Retraso NAS;7;11646;
Retraso Previo;15;11647;
Retraso Previo;28;11648;
Retraso Compagnia;5;11649;
Retraso NAS;9;11650;
Retraso Previo;6;11651;
Retraso Compagnia;5;11652;
Retraso NAS;10;11653;
Retraso Previo;4;11654;
Retraso Compagnia;74;11655;
Retraso Compagnia;6;11656;
Retraso Previo;11;11657;
Retraso Compagnia;6;11658;
Retraso Previo;14;11659;
Retraso Compagnia;5;11660;
Retraso Previo;10;11661;
Retraso NAS;2;11662;
Retraso Previo;59;11663;
Retraso Previo;65;11664;
Retraso Previo;30;11665;
Retraso Compagnia;1;11666;
Retraso NAS;2;11667;
Retraso Previo;13;11668;
Retraso Compagnia;24;11669;
Retraso Previo;10;11670;
Retraso Meteorologico;120;11672;
Retraso NAS;16;11673;
Retraso Previo;20;11674;
Retraso Compagnia;30;11675;
Retraso Compagnia;11;11676;
Retraso Previo;7;11677;
Retraso Compagnia;9;11678;
Retraso Previo;66;11679;
Retraso Meteorologico;18;11680;
Retraso NAS;50;11681;
Retraso Previo;5;11682;
Retraso Previo;35;11683;
Retraso NAS;51;11684;
Retraso NAS;21;11685;
Retraso Compagnia;27;11686;
Retraso Previo;5;11687;
Retraso Compagnia;20;11688;
Retraso Compagnia;2;11689;
Retraso Previo;20;11690;
Retraso Compagnia;1;11691;
Retraso Previo;26;11692;
Retraso Previo;92;11693;
Retraso NAS;20;11694;
Retraso Compagnia;5;11695;
Retraso Previo;14;11696;
Retraso Compagnia;1;11697;
Retraso Previo;17;11698;
Retraso NAS;33;11699;
Retraso Compagnia;61;11700;
Retraso Meteorologico;21;11701;
Retraso NAS;5;11702;
Retraso Previo;6;11703;
Retraso NAS;21;11704;
Retraso Previo;26;11705;
Retraso Compagnia;28;11706;
Retraso Previo;28;11707;
Retraso Compagnia;10;11708;
Retraso Previo;29;11709;
Retraso NAS;2;11710;
Retraso Previo;27;11711;
Retraso NAS;16;11712;
Retraso Compagnia;19;11713;
Retraso Compagnia;15;11714;
Retraso NAS;12;11715;
Retraso Previo;4;11716;
Retraso Compagnia;2;11717;
Retraso Previo;21;11718;
Retraso NAS;22;11719;
Retraso NAS;66;11720;
Retraso NAS;29;11721;
Retraso Compagnia;10;11722;
Retraso NAS;17;11723;
Retraso Previo;13;11724;
Retraso Compagnia;38;11725;
Retraso Previo;42;11726;
Retraso Meteorologico;7;11727;
Retraso NAS;9;11728;
Retraso Previo;44;11729;
Retraso Meteorologico;44;11730;
Retraso Compagnia;2;11731;
Retraso Previo;18;11732;
Retraso Previo;15;11733;
Retraso Meteorologico;10;11734;
Retraso NAS;25;11735;
Retraso Previo;22;11736;
Retraso Compagnia;3;11737;
Retraso NAS;1;11738;
Retraso Previo;22;11739;
Retraso Compagnia;10;11740;
Retraso Previo;32;11741;
Retraso Compagnia;16;11742;
Retraso Compagnia;8;11743;
Retraso NAS;20;11744;
Retraso Previo;19;11745;
Retraso Compagnia;2;11746;
Retraso NAS;2;11747;
Retraso Previo;31;11748;
Retraso Compagnia;8;11749;
Retraso Previo;23;11750;
Retraso NAS;1;11751;
Retraso Previo;19;11752;
Retraso NAS;20;11753;
Retraso Compagnia;2;11754;
Retraso Previo;19;11755;
Retraso Compagnia;28;11756;
Retraso Previo;23;11757;
Retraso Compagnia;8;11758;
Retraso Previo;21;11759;
Retraso Compagnia;4;11760;
Retraso Previo;11;11761;
Retraso Compagnia;16;11762;
Retraso Compagnia;6;11763;
Retraso NAS;2;11764;
Retraso Previo;11;11765;
Retraso Compagnia;7;11766;
Retraso Previo;18;11767;
Retraso Previo;44;11768;
Retraso Meteorologico;51;11769;
Retraso NAS;1;11770;
Retraso Compagnia;25;11771;
Retraso NAS;11;11772;
Retraso Previo;52;11773;
Retraso Previo;59;11774;
Retraso Compagnia;16;11775;
Retraso NAS;1;11776;
Retraso Compagnia;1;11777;
Retraso NAS;2;11778;
Retraso Previo;25;11779;
Retraso NAS;12;11780;
Retraso Previo;13;11781;
Retraso Compagnia;3;11782;
Retraso Previo;16;11783;
Retraso Compagnia;5;11784;
Retraso Previo;19;11785;
Retraso Compagnia;32;11786;
Retraso Previo;45;11787;
Retraso Compagnia;10;11788;
Retraso NAS;9;11789;
Retraso Previo;29;11790;
Retraso Meteorologico;19;11791;
Retraso NAS;10;11792;
Retraso NAS;6;11793;
Retraso Previo;9;11794;
Retraso Compagnia;13;11795;
Retraso Previo;15;11796;
Retraso Compagnia;3;11797;
Retraso Previo;15;11798;
Retraso Previo;21;11799;
Retraso NAS;12;11800;
Retraso Previo;12;11801;
Retraso Compagnia;16;11802;
Retraso NAS;14;11803;
Retraso Previo;24;11804;
Retraso Compagnia;10;11805;
Retraso NAS;2;11806;
Retraso Previo;7;11807;
Retraso NAS;18;11808;
Retraso Compagnia;9;11809;
Retraso NAS;6;11810;
Retraso NAS;16;11811;
Retraso Previo;41;11812;
Retraso Compagnia;32;11813;
Retraso Previo;14;11814;
Retraso Compagnia;2;11815;
Retraso Previo;31;11816;
Retraso Compagnia;23;11817;
Retraso NAS;1;11818;
Retraso Previo;9;11819;
Retraso Compagnia;29;11820;
Retraso Compagnia;9;11821;
Retraso Previo;23;11822;
Retraso Compagnia;32;11823;
Retraso NAS;32;11824;
Retraso Previo;60;11825;
Retraso Compagnia;9;11826;
Retraso NAS;19;11827;
Retraso Compagnia;11;11828;
Retraso NAS;6;11829;
Retraso Seguridad;11;11830;
Retraso Previo;10;11831;
Retraso Seguridad;18;11832;
Retraso Previo;18;11833;
Retraso Compagnia;36;11834;
Retraso Compagnia;35;11835;
Retraso Compagnia;54;11836;
Retraso NAS;2;11837;
Retraso Previo;35;11838;
Retraso Compagnia;1;11839;
Retraso NAS;3;11840;
Retraso Previo;22;11841;
Retraso NAS;22;11842;
Retraso Compagnia;6;11843;
Retraso NAS;1;11844;
Retraso Previo;26;11845;
Retraso Compagnia;6;11846;
Retraso Previo;20;11847;
Retraso Compagnia;17;11848;
Retraso Previo;6;11849;
Retraso NAS;19;11850;
Retraso Compagnia;28;11851;
Retraso Compagnia;7;11852;
Retraso NAS;14;11853;
Retraso Previo;1;11854;
Retraso Previo;53;11855;
Retraso Previo;58;11856;
Retraso Previo;32;11857;
Retraso NAS;1;11858;
Retraso Previo;53;11859;
Retraso Compagnia;10;11860;
Retraso Previo;8;11861;
Retraso NAS;15;11862;
Retraso Compagnia;2;11863;
Retraso NAS;10;11864;
Retraso Previo;5;11865;
Retraso NAS;32;11866;
Retraso Compagnia;14;11867;
Retraso NAS;1;11868;
Retraso Previo;7;11869;
Retraso Compagnia;19;11870;
Retraso NAS;2;11871;
Retraso Previo;16;11872;
Retraso NAS;67;11873;
Retraso Previo;8;11874;
Retraso Compagnia;9;11875;
Retraso NAS;8;11876;
Retraso NAS;95;11877;
Retraso Previo;23;11878;
Retraso Compagnia;8;11879;
Retraso NAS;8;11880;
Retraso NAS;6;11881;
Retraso Previo;55;11882;
Retraso Compagnia;3;11883;
Retraso Previo;15;11884;
Retraso Compagnia;6;11885;
Retraso NAS;8;11886;
Retraso Previo;1;11887;
Retraso NAS;35;11888;
Retraso NAS;22;11889;
Retraso Meteorologico;16;11890;
Retraso Previo;149;11891;
Retraso Compagnia;10;11892;
Retraso Previo;16;11893;
Retraso Compagnia;1;11894;
Retraso NAS;2;11895;
Retraso Previo;16;11896;
Retraso NAS;8;11897;
Retraso Seguridad;8;11898;
Retraso NAS;18;11899;
Retraso Previo;10;11900;
Retraso NAS;18;11901;
Retraso Compagnia;101;11902;
Retraso Compagnia;13;11903;
Retraso NAS;3;11904;
Retraso Previo;78;11905;
Retraso Compagnia;15;11906;
Retraso Compagnia;24;11907;
Retraso Previo;8;11908;
Retraso Compagnia;2;11909;
Retraso Previo;23;11910;
Retraso Compagnia;26;11911;
Retraso Compagnia;13;11912;
Retraso NAS;13;11913;
Retraso NAS;19;11914;
Retraso Compagnia;21;11915;
Retraso NAS;8;11916;
Retraso Compagnia;2;11917;
Retraso Previo;25;11918;
Retraso Compagnia;15;11919;
Retraso Previo;11;11920;
Retraso Compagnia;1;11921;
Retraso NAS;1;11922;
Retraso Previo;27;11923;
Retraso NAS;66;11924;
Retraso Previo;45;11925;
Retraso Compagnia;57;11926;
Retraso Compagnia;3;11927;
Retraso Previo;12;11928;
Retraso Compagnia;8;11929;
Retraso NAS;13;11930;
Retraso Previo;55;11931;
Retraso NAS;10;11932;
Retraso Previo;14;11933;
Retraso Compagnia;7;11934;
Retraso Previo;13;11935;
Retraso Compagnia;16;11936;
Retraso NAS;4;11937;
Retraso Compagnia;2;11938;
Retraso NAS;44;11939;
Retraso Previo;12;11940;
Retraso Previo;30;11941;
Retraso Previo;17;11942;
Retraso NAS;8;11943;
Retraso Previo;20;11944;
Retraso Compagnia;2;11945;
Retraso Previo;14;11946;
Retraso Compagnia;4;11947;
Retraso Previo;14;11948;
Retraso Compagnia;6;11949;
Retraso NAS;1;11950;
Retraso Previo;9;11951;
Retraso NAS;2;11952;
Retraso Previo;51;11953;
Retraso NAS;10;11954;
Retraso Previo;49;11955;
Retraso NAS;6;11956;
Retraso Previo;51;11957;
Retraso NAS;2;11958;
Retraso Previo;54;11959;
Retraso NAS;7;11960;
Retraso Previo;112;11961;
Retraso Compagnia;9;11962;
Retraso Previo;17;11963;
Retraso NAS;18;11964;
Retraso Compagnia;2;11965;
Retraso Previo;16;11966;
Retraso Compagnia;20;11967;
Retraso NAS;6;11968;
Retraso NAS;35;11969;
Retraso NAS;17;11970;
Retraso Compagnia;31;11971;
Retraso Compagnia;11;11972;
Retraso Previo;9;11973;
Retraso Compagnia;3;11974;
Retraso Previo;26;11975;
Retraso Compagnia;31;11976;
Retraso NAS;2;11977;
Retraso Compagnia;6;11978;
Retraso Previo;10;11979;
Retraso Compagnia;27;11980;
Retraso NAS;15;11981;
Retraso Previo;1;11982;
Retraso NAS;20;11983;
Retraso Compagnia;6;11984;
Retraso Previo;12;11985;
Retraso Compagnia;23;11986;
Retraso Previo;11;11987;
Retraso Previo;25;11988;
Retraso Compagnia;18;11989;
Retraso NAS;30;11990;
Retraso Previo;15;11991;
Retraso Compagnia;14;11992;
Retraso Previo;1;11993;
Retraso Compagnia;19;11994;
Retraso NAS;1;11995;
Retraso Previo;18;11996;
Retraso Compagnia;20;11997;
Retraso Compagnia;2;11998;
Retraso Previo;85;11999;
Retraso Compagnia;7;12000;
Retraso Previo;93;12001;
Retraso Seguridad;5;12002;
Retraso Previo;72;12003;
Retraso Previo;71;12004;
Retraso Compagnia;18;12005;
Retraso Previo;43;12006;
Retraso Compagnia;8;12007;
Retraso Previo;54;12008;
Retraso Compagnia;45;12009;
Retraso NAS;2;12010;
Retraso Previo;7;12011;
Retraso NAS;17;12012;
Retraso Meteorologico;82;12013;
Retraso Compagnia;6;12014;
Retraso NAS;22;12015;
Retraso Compagnia;34;12016;
Retraso Previo;3;12017;
Retraso NAS;6;12018;
Retraso Previo;12;12019;
Retraso Compagnia;5;12020;
Retraso Previo;10;12021;
Retraso Compagnia;11;12022;
Retraso Previo;76;12023;
Retraso Compagnia;8;12024;
Retraso NAS;3;12025;
Retraso Previo;86;12026;
Retraso Compagnia;4;12027;
Retraso Previo;78;12028;
Retraso Compagnia;11;12031;
Retraso Previo;35;12032;
Retraso Compagnia;67;12033;
Retraso Compagnia;24;12034;
Retraso NAS;22;12035;
Retraso Compagnia;5;12036;
Retraso NAS;8;12037;
Retraso Previo;36;12038;
Retraso Compagnia;4;12039;
Retraso Previo;12;12040;
Retraso NAS;52;12041;
Retraso NAS;181;12042;
Retraso NAS;197;12043;
Retraso Compagnia;27;12044;
Retraso Previo;116;12045;
Retraso NAS;266;12046;
Retraso Compagnia;16;12048;
Retraso Compagnia;37;12050;
Retraso NAS;29;12051;
Retraso Previo;62;12052;
Retraso NAS;2;12053;
Retraso Previo;67;12054;
Retraso NAS;43;12055;
Retraso Previo;17;12056;
Retraso NAS;18;12057;
Retraso Compagnia;14;12058;
Retraso NAS;17;12059;
Retraso Compagnia;30;12060;
Retraso NAS;1;12061;
Retraso NAS;18;12062;
Retraso Previo;20;12063;
Retraso Compagnia;166;12064;
Retraso Compagnia;17;12065;
Retraso NAS;6;12066;
Retraso NAS;20;12067;
Retraso NAS;18;12068;
Retraso Previo;31;12069;
Retraso Compagnia;4;12070;
Retraso Previo;19;12071;
Retraso Previo;35;12072;
Retraso Meteorologico;23;12073;
Retraso Compagnia;10;12074;
Retraso NAS;11;12075;
Retraso Compagnia;2;12076;
Retraso NAS;33;12077;
Retraso Previo;6;12078;
Retraso NAS;25;12079;
Retraso NAS;267;12080;
Retraso NAS;91;12081;
Retraso NAS;298;12082;
Retraso NAS;17;12083;
Retraso Compagnia;66;12084;
Retraso NAS;17;12085;
Retraso NAS;274;12086;
Retraso NAS;42;12088;
Retraso Previo;25;12089;
Retraso NAS;15;12090;
Retraso NAS;4;12091;
Retraso Previo;17;12092;
Retraso NAS;22;12093;
Retraso NAS;3;12094;
Retraso Previo;12;12095;
Retraso NAS;9;12096;
Retraso Previo;10;12097;
Retraso Compagnia;5;12098;
Retraso Previo;26;12099;
Retraso NAS;15;12100;
Retraso Compagnia;18;12101;
Retraso NAS;2;12102;
Retraso NAS;15;12103;
Retraso NAS;33;12104;
Retraso NAS;21;12105;
Retraso Compagnia;9;12106;
Retraso NAS;12;12107;
Retraso Compagnia;10;12108;
Retraso NAS;3;12109;
Retraso Previo;90;12110;
Retraso NAS;5;12111;
Retraso Previo;99;12112;
Retraso Previo;67;12113;
Retraso Previo;111;12114;
Retraso NAS;18;12115;
Retraso Compagnia;16;12116;
Retraso NAS;11;12117;
Retraso Previo;22;12118;
Retraso NAS;19;12119;
Retraso Previo;25;12120;
Retraso Meteorologico;40;12121;
Retraso NAS;7;12122;
Retraso Compagnia;45;12123;
Retraso NAS;27;12124;
Retraso NAS;16;12125;
Retraso NAS;15;12126;
Retraso Compagnia;17;12127;
Retraso NAS;39;12128;
Retraso NAS;18;12129;
Retraso NAS;17;12130;
Retraso Compagnia;33;12131;
Retraso Compagnia;12;12132;
Retraso NAS;8;12133;
Retraso Compagnia;116;12134;
Retraso NAS;71;12135;
Retraso Compagnia;3;12136;
Retraso NAS;27;12137;
Retraso Previo;27;12138;
Retraso NAS;25;12139;
Retraso Previo;21;12140;
Retraso Compagnia;6;12141;
Retraso NAS;4;12142;
Retraso Previo;14;12143;
Retraso NAS;40;12144;
Retraso Meteorologico;7;12145;
Retraso Previo;91;12146;
Retraso NAS;299;12147;
Retraso Compagnia;12;12148;
Retraso NAS;6;12149;
Retraso Compagnia;6;12150;
Retraso NAS;2;12151;
Retraso Previo;46;12152;
Retraso NAS;23;12153;
Retraso NAS;18;12154;
Retraso NAS;397;12155;
Retraso NAS;17;12156;
Retraso Meteorologico;373;12157;
Retraso NAS;18;12158;
Retraso NAS;2;12159;
Retraso Previo;19;12160;
Retraso Previo;33;12161;
Retraso Previo;30;12162;
Retraso Compagnia;37;12163;
Retraso NAS;7;12164;
Retraso Compagnia;14;12165;
Retraso Previo;340;12166;
Retraso Previo;22;12167;
Retraso Meteorologico;4;12168;
Retraso Previo;141;12169;
Retraso NAS;25;12170;
Retraso Compagnia;36;12171;
Retraso NAS;19;12173;
Retraso NAS;30;12174;
Retraso Compagnia;18;12175;
Retraso NAS;23;12176;
Retraso Compagnia;192;12177;
Retraso NAS;4;12178;
Retraso NAS;27;12179;
Retraso Compagnia;8;12180;
Retraso NAS;31;12181;
Retraso NAS;20;12182;
Retraso NAS;25;12183;
Retraso Compagnia;4;12184;
Retraso Previo;50;12185;
Retraso NAS;21;12186;
Retraso Compagnia;236;12187;
Retraso Compagnia;2;12188;
Retraso NAS;4;12189;
Retraso Previo;18;12190;
Retraso Compagnia;25;12191;
Retraso NAS;22;12192;
Retraso NAS;17;12193;
Retraso NAS;37;12194;
Retraso NAS;7;12195;
Retraso Previo;14;12196;
Retraso NAS;100;12197;
Retraso NAS;114;12198;
Retraso NAS;23;12199;
Retraso NAS;16;12200;
Retraso Meteorologico;13;12201;
Retraso Previo;150;12202;
Retraso Compagnia;16;12203;
Retraso NAS;74;12204;
Retraso Previo;177;12205;
Retraso NAS;442;12206;
Retraso Compagnia;47;12207;
Retraso Previo;28;12208;
Retraso Compagnia;140;12209;
Retraso NAS;11;12210;
Retraso NAS;64;12211;
Retraso Previo;10;12212;
Retraso NAS;23;12214;
Retraso Compagnia;34;12215;
Retraso NAS;15;12216;
Retraso Compagnia;45;12217;
Retraso NAS;20;12218;
Retraso Previo;9;12219;
Retraso NAS;21;12220;
Retraso NAS;17;12221;
Retraso Previo;15;12222;
Retraso Compagnia;5;12223;
Retraso Previo;12;12224;
Retraso NAS;16;12225;
Retraso Compagnia;6;12226;
Retraso NAS;21;12227;
Retraso NAS;17;12228;
Retraso NAS;324;12229;
Retraso NAS;26;12230;
Retraso Compagnia;67;12231;
Retraso Meteorologico;1;12232;
Retraso Previo;232;12233;
Retraso Compagnia;18;12234;
Retraso NAS;31;12235;
Retraso Compagnia;14;12236;
Retraso NAS;24;12237;
Retraso Compagnia;3;12238;
Retraso NAS;22;12239;
Retraso Previo;37;12240;
Retraso Compagnia;157;12241;
Retraso Compagnia;16;12242;
Retraso Compagnia;85;12243;
Retraso Compagnia;5;12244;
Retraso Previo;88;12245;
Retraso NAS;18;12246;
Retraso Compagnia;17;12247;
Retraso NAS;19;12248;
Retraso NAS;455;12249;
Retraso NAS;21;12250;
Retraso NAS;18;12251;
Retraso Compagnia;7;12252;
Retraso NAS;7;12253;
Retraso Previo;28;12254;
Retraso Previo;40;12255;
Retraso Compagnia;297;12256;
Retraso NAS;11;12257;
Retraso NAS;135;12258;
Retraso NAS;319;12259;
Retraso NAS;17;12260;
Retraso Compagnia;27;12262;
Retraso NAS;11;12263;
Retraso Previo;22;12264;
Retraso NAS;26;12265;
Retraso Compagnia;12;12266;
Retraso NAS;7;12267;
Retraso NAS;9;12268;
Retraso Previo;10;12269;
Retraso Compagnia;46;12270;
Retraso NAS;24;12271;
Retraso NAS;26;12272;
Retraso NAS;18;12273;
Retraso NAS;20;12274;
Retraso Compagnia;54;12275;
Retraso NAS;1;12276;
Retraso Compagnia;11;12277;
Retraso NAS;32;12278;
Retraso Previo;23;12279;
Retraso Previo;16;12280;
Retraso Previo;26;12281;
Retraso NAS;295;12282;
Retraso Compagnia;1;12283;
Retraso Previo;20;12284;
Retraso NAS;1;12285;
Retraso Previo;52;12286;
Retraso Compagnia;70;12287;
Retraso Previo;116;12288;
Retraso Previo;55;12289;
Retraso NAS;24;12290;
Retraso NAS;22;12291;
Retraso Compagnia;6;12292;
Retraso Previo;9;12293;
Retraso NAS;38;12294;
Retraso Compagnia;13;12295;
Retraso NAS;12;12296;
Retraso Compagnia;11;12297;
Retraso NAS;20;12298;
Retraso NAS;342;12299;
Retraso NAS;313;12300;
Retraso NAS;15;12301;
Retraso NAS;19;12302;
Retraso Compagnia;66;12303;
Retraso Compagnia;22;12304;
Retraso NAS;43;12305;
Retraso Compagnia;45;12306;
Retraso NAS;70;12307;
Retraso NAS;37;12308;
Retraso Compagnia;24;12309;
Retraso NAS;18;12310;
Retraso NAS;16;12311;
Retraso Compagnia;22;12312;
Retraso Compagnia;9;12313;
Retraso NAS;11;12314;
Retraso Compagnia;6;12315;
Retraso NAS;1;12316;
Retraso Previo;20;12317;
Retraso NAS;24;12318;
Retraso Compagnia;14;12319;
Retraso NAS;5;12320;
Retraso Previo;33;12321;
Retraso NAS;22;12322;
Retraso Previo;15;12323;
Retraso Compagnia;6;12324;
Retraso NAS;13;12325;
Retraso NAS;6;12326;
Retraso Previo;112;12327;
Retraso Compagnia;127;12328;
Retraso Compagnia;72;12329;
Retraso NAS;8;12330;
Retraso Previo;45;12331;
Retraso Compagnia;13;12332;
Retraso NAS;4;12333;
Retraso NAS;178;12334;
Retraso NAS;332;12335;
Retraso Compagnia;45;12336;
Retraso Compagnia;7;12337;
Retraso Previo;13;12338;
Retraso Compagnia;88;12339;
Retraso Compagnia;11;12340;
Retraso NAS;12;12341;
Retraso NAS;15;12342;
Retraso NAS;28;12343;
Retraso Compagnia;94;12344;
Retraso NAS;10;12345;
Retraso Compagnia;1;12346;
Retraso Previo;83;12347;
Retraso NAS;49;12348;
Retraso NAS;26;12349;
Retraso Previo;121;12350;
Retraso Compagnia;16;12351;
Retraso NAS;10;12352;
Retraso NAS;32;12353;
Retraso Compagnia;32;12354;
Retraso NAS;55;12355;
Retraso Compagnia;23;12356;
Retraso Meteorologico;42;12357;
Retraso NAS;12;12358;
Retraso Compagnia;10;12359;
Retraso NAS;9;12360;
Retraso Compagnia;1;12361;
Retraso Previo;20;12362;
Retraso Compagnia;6;12363;
Retraso NAS;10;12364;
Retraso Previo;57;12365;
Retraso Compagnia;18;12366;
Retraso Previo;262;12367;
Retraso NAS;282;12368;
Retraso NAS;29;12369;
Retraso NAS;1;12370;
Retraso Previo;19;12371;
Retraso NAS;28;12372;
Retraso Compagnia;81;12373;
Retraso NAS;8;12374;
Retraso NAS;15;12375;
Retraso NAS;21;12376;
Retraso Compagnia;18;12377;
Retraso NAS;4;12378;
Retraso Compagnia;32;12379;
Retraso Compagnia;16;12380;
Retraso Compagnia;22;12381;
Retraso Compagnia;65;12382;
Retraso Previo;77;12383;
Retraso NAS;51;12384;
Retraso Compagnia;183;12385;
Retraso Compagnia;64;12386;
Retraso Compagnia;16;12387;
Retraso NAS;13;12388;
Retraso NAS;34;12389;
Retraso NAS;329;12390;
Retraso Previo;17;12391;
Retraso NAS;402;12392;
Retraso Compagnia;191;12393;
Retraso NAS;22;12394;
Retraso NAS;17;12395;
Retraso Previo;196;12396;
Retraso NAS;17;12397;
Retraso NAS;16;12399;
Retraso NAS;27;12400;
Retraso NAS;28;12401;
Retraso NAS;15;12402;
Retraso NAS;26;12403;
Retraso Meteorologico;2;12404;
Retraso Previo;71;12405;
Retraso NAS;22;12406;
Retraso Previo;37;12407;
Retraso Compagnia;16;12408;
Retraso NAS;25;12409;
Retraso NAS;92;12410;
Retraso Previo;20;12411;
Retraso NAS;23;12412;
Retraso NAS;18;12413;
Retraso Compagnia;7;12415;
Retraso NAS;25;12416;
Retraso NAS;313;12417;
Retraso Compagnia;19;12418;
Retraso NAS;4;12419;
Retraso NAS;19;12420;
Retraso NAS;27;12421;
Retraso NAS;19;12422;
Retraso Compagnia;2;12423;
Retraso NAS;31;12424;
Retraso Previo;49;12425;
Retraso Compagnia;115;12426;
Retraso NAS;22;12428;
Retraso Meteorologico;91;12429;
Retraso NAS;28;12430;
Retraso Compagnia;18;12431;
Retraso NAS;6;12432;
Retraso Previo;28;12433;
Retraso Compagnia;63;12434;
Retraso Compagnia;3;12435;
Retraso Previo;52;12436;
Retraso Compagnia;20;12437;
Retraso NAS;9;12438;
Retraso Previo;45;12440;
Retraso Previo;46;12441;
Retraso NAS;128;12442;
Retraso NAS;23;12443;
Retraso Compagnia;23;12444;
Retraso NAS;37;12445;
Retraso Previo;268;12446;
Retraso Compagnia;2;12447;
Retraso NAS;27;12448;
Retraso Previo;105;12449;
Retraso Compagnia;6;12450;
Retraso NAS;27;12451;
Retraso NAS;39;12452;
Retraso NAS;134;12453;
Retraso NAS;15;12454;
Retraso Compagnia;7;12455;
Retraso Previo;34;12456;
Retraso Previo;20;12457;
Retraso Previo;19;12458;
Retraso NAS;18;12459;
Retraso Compagnia;23;12460;
Retraso Compagnia;13;12461;
Retraso NAS;21;12462;
Retraso Previo;26;12463;
Retraso NAS;15;12464;
Retraso NAS;27;12465;
Retraso Previo;22;12466;
Retraso NAS;264;12467;
Retraso Compagnia;40;12468;
Retraso NAS;11;12469;
Retraso NAS;15;12470;
Retraso NAS;20;12471;
Retraso Compagnia;21;12472;
Retraso Compagnia;63;12473;
Retraso NAS;31;12474;
Retraso Compagnia;19;12475;
Retraso Previo;173;12476;
Retraso Compagnia;3;12477;
Retraso Previo;20;12478;
Retraso Compagnia;7;12479;
Retraso NAS;8;12480;
Retraso Previo;305;12481;
Retraso Compagnia;91;12482;
Retraso Compagnia;34;12483;
Retraso Compagnia;8;12484;
Retraso Previo;9;12485;
Retraso NAS;277;12486;
Retraso Compagnia;16;12487;
Retraso NAS;10;12488;
Retraso NAS;16;12489;
Retraso NAS;26;12490;
Retraso Compagnia;145;12491;
Retraso NAS;1;12492;
Retraso NAS;36;12493;
Retraso Compagnia;41;12494;
Retraso NAS;14;12495;
Retraso Compagnia;10;12496;
Retraso Previo;17;12497;
Retraso NAS;32;12498;
Retraso Compagnia;3;12499;
Retraso Previo;37;12500;
Retraso Compagnia;17;12501;
Retraso Compagnia;100;12502;
Retraso NAS;36;12503;
Retraso NAS;5;12504;
Retraso Previo;35;12505;
Retraso Previo;15;12506;
Retraso Meteorologico;6;12507;
Retraso NAS;42;12508;
Retraso Previo;24;12509;
Retraso NAS;27;12510;
Retraso NAS;20;12511;
Retraso Compagnia;29;12512;
Retraso NAS;16;12513;
Retraso NAS;26;12514;
Retraso Compagnia;2;12515;
Retraso NAS;9;12516;
Retraso Previo;18;12517;
Retraso NAS;23;12518;
Retraso Previo;30;12519;
Retraso Compagnia;18;12522;
Retraso Compagnia;18;12523;
Retraso NAS;16;12524;
Retraso NAS;15;12525;
Retraso Compagnia;163;12526;
Retraso Compagnia;30;12527;
Retraso Compagnia;71;12528;
Retraso Compagnia;29;12529;
Retraso Compagnia;29;12530;
Retraso Compagnia;24;12531;
Retraso Compagnia;21;12532;
Retraso Compagnia;32;12533;
Retraso NAS;32;12534;
Retraso Compagnia;21;12535;
Retraso Compagnia;46;12536;
Retraso Compagnia;23;12537;
Retraso NAS;21;12538;
Retraso Compagnia;39;12539;
Retraso Compagnia;20;12540;
Retraso Compagnia;29;12541;
Retraso Previo;66;12542;
Retraso Compagnia;35;12543;
Retraso Compagnia;57;12544;
Retraso Compagnia;28;12545;
Retraso Compagnia;23;12546;
Retraso Compagnia;99;12547;
Retraso Compagnia;94;12548;
Retraso Compagnia;30;12549;
Retraso Compagnia;21;12550;
Retraso NAS;22;12551;
Retraso Compagnia;23;12552;
Retraso Compagnia;49;12553;
Retraso NAS;18;12554;
Retraso NAS;5;12555;
Retraso Previo;20;12556;
Retraso Compagnia;34;12557;
Retraso NAS;34;12558;
Retraso Compagnia;38;12559;
Retraso NAS;25;12560;
Retraso Compagnia;27;12561;
Retraso NAS;35;12562;
Retraso Compagnia;52;12563;
Retraso NAS;27;12564;
Retraso NAS;15;12565;
Retraso Compagnia;71;12566;
Retraso Compagnia;24;12567;
Retraso Compagnia;49;12568;
Retraso Compagnia;126;12569;
Retraso NAS;32;12570;
Retraso Compagnia;29;12571;
Retraso NAS;26;12572;
Retraso Compagnia;28;12573;
Retraso Compagnia;33;12574;
Retraso NAS;29;12575;
Retraso NAS;33;12576;
Retraso Compagnia;22;12577;
Retraso Compagnia;16;12578;
Retraso NAS;15;12579;
Retraso NAS;10;12580;
Retraso Previo;21;12581;
Retraso Compagnia;22;12582;
Retraso NAS;21;12583;
Retraso NAS;41;12584;
Retraso Compagnia;66;12585;
Retraso Compagnia;77;12586;
Retraso NAS;35;12587;
Retraso Compagnia;18;12588;
Retraso NAS;31;12589;
Retraso NAS;29;12590;
Retraso Compagnia;18;12591;
Retraso NAS;28;12592;
Retraso NAS;28;12593;
Retraso Compagnia;45;12594;
Retraso Compagnia;41;12595;
Retraso Compagnia;19;12596;
Retraso Compagnia;45;12597;
Retraso NAS;22;12598;
Retraso NAS;16;12599;
Retraso Compagnia;111;12600;
Retraso NAS;18;12601;
Retraso Compagnia;33;12602;
Retraso NAS;24;12603;
Retraso Compagnia;45;12604;
Retraso NAS;37;12605;
Retraso Compagnia;145;12606;
Retraso NAS;31;12607;
Retraso NAS;49;12608;
Retraso Meteorologico;25;12609;
Retraso Compagnia;31;12610;
Retraso Compagnia;20;12612;
Retraso Compagnia;17;12613;
Retraso Compagnia;27;12614;
Retraso Compagnia;122;12615;
Retraso NAS;30;12616;
Retraso Compagnia;34;12617;
Retraso NAS;3;12618;
Retraso Previo;21;12619;
Retraso Compagnia;101;12621;
Retraso Compagnia;66;12622;
Retraso Compagnia;56;12623;
Retraso Compagnia;83;12624;
Retraso Seguridad;21;12625;
Retraso Compagnia;29;12626;
Retraso Compagnia;24;12627;
Retraso Compagnia;106;12628;
Retraso Compagnia;20;12629;
Retraso Compagnia;119;12630;
Retraso NAS;19;12631;
Retraso Compagnia;71;12632;
Retraso Compagnia;152;12633;
Retraso NAS;23;12634;
Retraso Compagnia;190;12635;
Retraso Meteorologico;42;12636;
Retraso Compagnia;25;12637;
Retraso Compagnia;25;12638;
Retraso Compagnia;56;12639;
Retraso Compagnia;32;12640;
Retraso Compagnia;24;12641;
Retraso Compagnia;84;12643;
Retraso Compagnia;132;12644;
Retraso Compagnia;132;12645;
Retraso Compagnia;38;12646;
Retraso Compagnia;97;12647;
Retraso Compagnia;23;12648;
Retraso Compagnia;68;12649;
Retraso Compagnia;24;12650;
Retraso Compagnia;20;12651;
Retraso NAS;19;12652;
Retraso Compagnia;56;12653;
Retraso Compagnia;100;12654;
Retraso Seguridad;32;12655;
Retraso Compagnia;38;12656;
Retraso Compagnia;28;12657;
Retraso Compagnia;67;12659;
Retraso Compagnia;41;12660;
Retraso NAS;31;12661;
Retraso NAS;40;12662;
Retraso Compagnia;53;12664;
Retraso Compagnia;27;12666;
Retraso NAS;25;12668;
Retraso NAS;16;12669;
Retraso NAS;24;12670;
Retraso NAS;34;12671;
Retraso NAS;19;12672;
Retraso NAS;24;12674;
Retraso Compagnia;25;12675;
Retraso Compagnia;15;12676;
Retraso Seguridad;16;12677;
Retraso Compagnia;21;12678;
Retraso Compagnia;125;12679;
Retraso NAS;16;12680;
Retraso NAS;30;12681;
Retraso Compagnia;21;12682;
Retraso Compagnia;122;12683;
Retraso Compagnia;39;12684;
Retraso Compagnia;26;12685;
Retraso Compagnia;86;12686;
Retraso Compagnia;70;12687;
Retraso Compagnia;30;12688;
Retraso Compagnia;80;12689;
Retraso Compagnia;98;12690;
Retraso Compagnia;214;12691;
Retraso Compagnia;51;12692;
Retraso Compagnia;22;12693;
Retraso Compagnia;23;12694;
Retraso Compagnia;39;12695;
Retraso Compagnia;24;12696;
Retraso Compagnia;83;12697;
Retraso NAS;20;12698;
Retraso Meteorologico;116;12699;
Retraso Compagnia;67;12700;
Retraso Compagnia;71;12701;
Retraso NAS;15;12702;
Retraso NAS;17;12703;
Retraso NAS;17;12705;
Retraso NAS;22;12706;
Retraso Previo;21;12707;
Retraso NAS;2;12708;
Retraso Previo;14;12709;
Retraso Compagnia;180;12710;
Retraso NAS;72;12711;
Retraso Previo;26;12712;
Retraso NAS;39;12713;
Retraso NAS;24;12714;
Retraso Compagnia;15;12715;
Retraso NAS;12;12716;
Retraso Previo;30;12717;
Retraso Compagnia;39;12718;
Retraso Compagnia;33;12719;
Retraso Compagnia;22;12720;
Retraso NAS;16;12721;
Retraso Previo;68;12722;
Retraso Compagnia;81;12723;
Retraso Compagnia;52;12724;
Retraso NAS;104;12725;
Retraso Compagnia;185;12726;
Retraso Compagnia;31;12727;
Retraso NAS;34;12728;
Retraso NAS;15;12729;
Retraso NAS;15;12730;
Retraso NAS;45;12731;
Retraso Compagnia;146;12732;
Retraso NAS;150;12733;
Retraso NAS;106;12734;
Retraso NAS;115;12735;
Retraso NAS;79;12736;
Retraso Compagnia;22;12737;
Retraso Compagnia;15;12738;
Retraso Compagnia;30;12739;
Retraso NAS;126;12740;
Retraso NAS;129;12741;
Retraso NAS;5;12742;
Retraso Previo;64;12743;
Retraso NAS;65;12744;
Retraso Previo;35;12745;
Retraso NAS;68;12746;
Retraso Previo;169;12747;
Retraso Compagnia;99;12748;
Retraso Compagnia;89;12749;
Retraso NAS;23;12751;
Retraso Compagnia;21;12752;
Retraso Compagnia;43;12753;
Retraso Compagnia;38;12754;
Retraso Compagnia;76;12755;
Retraso Previo;54;12756;
Retraso Compagnia;17;12757;
Retraso Compagnia;16;12758;
Retraso Compagnia;198;12759;
Retraso Compagnia;229;12760;
Retraso Previo;145;12761;
Retraso NAS;127;12762;
Retraso Previo;23;12763;
Retraso Compagnia;44;12764;
Retraso NAS;179;12765;
Retraso NAS;120;12766;
Retraso Previo;85;12767;
Retraso NAS;112;12768;
Retraso Compagnia;33;12769;
Retraso NAS;89;12770;
Retraso Previo;94;12771;
Retraso Compagnia;41;12772;
Retraso Compagnia;102;12773;
Retraso Compagnia;103;12774;
Retraso NAS;116;12776;
Retraso NAS;101;12777;
Retraso NAS;26;12778;
Retraso NAS;86;12779;
Retraso NAS;101;12780;
Retraso Compagnia;41;12781;
Retraso Compagnia;37;12782;
Retraso NAS;1;12783;
Retraso Previo;44;12784;
Retraso Compagnia;92;12785;
Retraso Previo;95;12786;
Retraso Compagnia;15;12787;
Retraso NAS;108;12788;
Retraso Previo;96;12789;
Retraso Compagnia;23;12790;
Retraso Compagnia;57;12791;
Retraso Previo;34;12792;
Retraso Compagnia;80;12793;
Retraso Compagnia;30;12794;
Retraso NAS;138;12795;
Retraso NAS;92;12796;
Retraso Compagnia;76;12797;
Retraso NAS;13;12798;
Retraso Previo;51;12799;
Retraso NAS;16;12800;
Retraso NAS;76;12801;
Retraso Compagnia;86;12802;
Retraso Previo;52;12803;
Retraso NAS;164;12804;
Retraso NAS;119;12805;
Retraso Previo;54;12806;
Retraso Compagnia;21;12807;
Retraso NAS;1;12808;
Retraso Previo;58;12809;
Retraso Compagnia;20;12810;
Retraso Compagnia;17;12811;
Retraso NAS;19;12812;
Retraso Compagnia;21;12813;
Retraso Compagnia;195;12814;
Retraso Compagnia;55;12815;
Retraso NAS;15;12816;
Retraso NAS;97;12817;
Retraso NAS;46;12818;
Retraso NAS;25;12819;
Retraso NAS;122;12820;
Retraso NAS;29;12821;
Retraso NAS;92;12822;
Retraso NAS;18;12823;
Retraso NAS;17;12824;
Retraso NAS;88;12825;
Retraso Compagnia;21;12826;
Retraso Compagnia;16;12827;
Retraso Previo;64;12830;
Retraso Compagnia;48;12831;
Retraso Previo;71;12832;
Retraso Compagnia;96;12833;
Retraso NAS;19;12835;
Retraso Previo;25;12836;
Retraso Compagnia;40;12837;
Retraso Meteorologico;95;12838;
Retraso NAS;73;12839;
Retraso Previo;112;12840;
Retraso Compagnia;119;12841;
Retraso Previo;97;12842;
Retraso Previo;92;12843;
Retraso NAS;55;12844;
Retraso Previo;100;12845;
Retraso Compagnia;22;12846;
Retraso NAS;25;12847;
Retraso Compagnia;42;12848;
Retraso NAS;36;12849;
Retraso Compagnia;61;12850;
Retraso NAS;105;12851;
Retraso NAS;102;12852;
Retraso Compagnia;23;12853;
Retraso NAS;140;12854;
Retraso Previo;171;12855;
Retraso NAS;89;12856;
Retraso Compagnia;102;12857;
Retraso Compagnia;103;12858;
Retraso Previo;135;12859;
Retraso NAS;19;12860;
Retraso Previo;3;12861;
Retraso Compagnia;24;12862;
Retraso Compagnia;54;12863;
Retraso NAS;59;12864;
Retraso Previo;85;12865;
Retraso NAS;124;12866;
Retraso Previo;80;12867;
Retraso Compagnia;44;12868;
Retraso Compagnia;178;12869;
Retraso Compagnia;66;12870;
Retraso NAS;54;12871;
Retraso Meteorologico;29;12872;
Retraso NAS;30;12873;
Retraso NAS;7;12874;
Retraso Previo;18;12875;
Retraso Compagnia;85;12876;
Retraso Compagnia;132;12877;
Retraso Compagnia;69;12878;
Retraso NAS;54;12879;
Retraso NAS;40;12880;
Retraso Compagnia;36;12881;
Retraso NAS;3;12882;
Retraso Previo;39;12883;
Retraso NAS;130;12884;
Retraso NAS;113;12885;
Retraso Compagnia;92;12886;
Retraso Compagnia;37;12887;
Retraso Compagnia;72;12888;
Retraso NAS;92;12889;
Retraso NAS;31;12890;
Retraso NAS;94;12891;
Retraso NAS;82;12892;
Retraso Compagnia;18;12893;
Retraso Compagnia;15;12894;
Retraso Compagnia;66;12895;
Retraso Compagnia;240;12896;
Retraso Compagnia;238;12897;
Retraso Compagnia;59;12898;
Retraso Previo;40;12899;
Retraso NAS;31;12900;
Retraso NAS;23;12901;
Retraso Previo;21;12902;
Retraso NAS;28;12903;
Retraso Compagnia;15;12904;
Retraso NAS;18;12905;
Retraso Previo;21;12906;
Retraso Compagnia;64;12907;
Retraso NAS;46;12908;
Retraso Compagnia;32;12909;
Retraso NAS;28;12910;
Retraso Compagnia;36;12911;
Retraso Compagnia;150;12912;
Retraso Previo;138;12913;
Retraso Compagnia;15;12914;
Retraso Compagnia;28;12915;
Retraso Previo;36;12916;
Retraso NAS;2;12917;
Retraso Previo;288;12918;
Retraso Compagnia;89;12919;
Retraso Compagnia;189;12921;
Retraso Previo;162;12922;
Retraso Compagnia;19;12923;
Retraso NAS;17;12924;
Retraso NAS;115;12925;
Retraso Compagnia;19;12926;
Retraso NAS;54;12927;
Retraso Previo;29;12928;
Retraso NAS;16;12929;
Retraso Previo;36;12930;
Retraso Previo;20;12931;
Retraso Compagnia;174;12932;
Retraso NAS;53;12933;
Retraso Compagnia;23;12934;
Retraso Compagnia;91;12935;
Retraso NAS;108;12936;
Retraso Compagnia;98;12937;
Retraso NAS;60;12938;
Retraso Previo;46;12939;
Retraso Meteorologico;49;12940;
Retraso Compagnia;146;12941;
Retraso Compagnia;137;12942;
Retraso Meteorologico;37;12943;
Retraso Compagnia;21;12944;
Retraso NAS;20;12947;
Retraso NAS;113;12948;
Retraso NAS;6;12949;
Retraso Previo;44;12950;
Retraso NAS;4;12951;
Retraso Previo;74;12952;
Retraso Compagnia;206;12953;
Retraso Compagnia;209;12954;
Retraso NAS;21;12955;
Retraso NAS;113;12956;
Retraso NAS;4;12957;
Retraso Previo;137;12958;
Retraso NAS;118;12959;
Retraso Compagnia;19;12960;
Retraso Compagnia;139;12961;
Retraso Previo;135;12962;
Retraso Compagnia;117;12965;
Retraso NAS;112;12966;
Retraso Previo;21;12967;
Retraso Compagnia;160;12968;
Retraso Compagnia;177;12969;
Retraso Previo;152;12970;
Retraso Compagnia;79;12971;
Retraso Previo;88;12972;
Retraso Compagnia;96;12973;
Retraso NAS;75;12974;
Retraso Compagnia;52;12975;
Retraso Previo;95;12976;
Retraso Meteorologico;46;12977;
Retraso NAS;61;12978;
Retraso NAS;19;12979;
Retraso NAS;22;12980;
Retraso Compagnia;22;12981;
Retraso Compagnia;44;12982;
Retraso Compagnia;29;12983;
Retraso Compagnia;75;12984;
Retraso Compagnia;244;12985;
Retraso NAS;145;12986;
Retraso NAS;93;12987;
Retraso Previo;19;12988;
Retraso NAS;20;12989;
Retraso Previo;22;12990;
Retraso Compagnia;59;12991;
Retraso NAS;111;12992;
Retraso Compagnia;52;12993;
Retraso Compagnia;17;12994;
Retraso Previo;69;12995;
Retraso Previo;116;12996;
Retraso NAS;130;12997;
Retraso Compagnia;52;12998;
Retraso NAS;120;12999;